+1.74641E+2	+9.74602E-3
+1.74639E+2	+1.04430E-2
+1.74641E+2	+9.60539E-3
+1.74642E+2	+9.34248E-3
+1.74643E+2	+9.78270E-3
+1.74638E+2	+9.47699E-3
+1.74634E+2	+1.05837E-2
+1.74635E+2	+9.53202E-3
+1.74640E+2	+9.30580E-3
+1.74640E+2	+7.11692E-3
+1.74638E+2	+6.45658E-3
+1.74636E+2	+4.61010E-3
+1.74636E+2	+4.29216E-3
+1.74638E+2	+4.99529E-3
+1.74634E+2	+5.08700E-3
+1.74640E+2	+5.04421E-3
+1.74639E+2	+4.87912E-3
+1.74642E+2	+5.02586E-3
+1.74640E+2	+4.35942E-3
+1.74636E+2	+4.34107E-3
+1.74639E+2	+5.32546E-3
+1.74643E+2	+4.10873E-3
+1.74643E+2	+4.50004E-3
+1.74639E+2	+3.60737E-3
+1.74639E+2	+4.24325E-3
+1.74636E+2	+3.82748E-3
+1.74645E+2	+4.91581E-3
+1.74640E+2	+4.52450E-3
+1.74636E+2	+4.32273E-3
+1.74644E+2	+4.29216E-3
+1.74640E+2	+4.34719E-3
+1.74644E+2	+4.32273E-3
+1.74637E+2	+4.08428E-3
+1.74639E+2	+3.63183E-3
+1.74594E+2	+4.59787E-3
+1.74600E+2	+4.20045E-3
+1.74245E+2	+4.42056E-3
+1.74098E+2	+4.95861E-3
+1.74092E+2	+4.73850E-3
+1.73469E+2	+4.03536E-3
+1.73343E+2	+4.74461E-3
+1.73352E+2	+4.79964E-3
+1.72901E+2	+3.76634E-3
+1.72788E+2	+5.25820E-3
+1.72795E+2	+4.78741E-3
+1.72171E+2	+4.73238E-3
+1.72123E+2	+5.23986E-3
+1.72028E+2	+4.05371E-3
+1.71439E+2	+5.00752E-3
+1.71439E+2	+4.69570E-3
+1.71098E+2	+5.02586E-3
+1.70762E+2	+3.89474E-3
+1.70738E+2	+4.13319E-3
+1.70003E+2	+4.10873E-3
+1.69983E+2	+4.44502E-3
+1.69637E+2	+5.19706E-3
+1.69368E+2	+4.23713E-3
+1.69363E+2	+3.91919E-3
+1.68666E+2	+4.12096E-3
+1.68661E+2	+4.56730E-3
+1.68461E+2	+4.78741E-3
+1.67992E+2	+4.59176E-3
+1.67988E+2	+4.07205E-3
+1.67558E+2	+5.44163E-3
+1.67351E+2	+4.79964E-3
+1.67338E+2	+4.70181E-3
+1.66726E+2	+4.31662E-3
+1.66685E+2	+4.70793E-3
+1.66559E+2	+5.14815E-3
+1.66053E+2	+4.57953E-3
+1.66050E+2	+4.87301E-3
+1.65568E+2	+4.61621E-3
+1.65308E+2	+4.62233E-3
+1.65298E+2	+4.64678E-3
+1.64792E+2	+4.62844E-3
+1.64739E+2	+4.90969E-3
+1.64522E+2	+4.14542E-3
+1.64147E+2	+4.45724E-3
+1.64145E+2	+5.01975E-3
+1.63538E+2	+5.53334E-3
+1.63485E+2	+4.83021E-3
+1.63178E+2	+4.72015E-3
+1.62896E+2	+4.43279E-3
+1.62889E+2	+5.31323E-3
+1.62295E+2	+4.68347E-3
+1.62236E+2	+4.88524E-3
+1.61991E+2	+5.55168E-3
+1.61708E+2	+4.84855E-3
+1.61702E+2	+4.62233E-3
+1.61285E+2	+5.00141E-3
+1.61180E+2	+4.05371E-3
+1.61086E+2	+4.42056E-3
+1.60561E+2	+4.67124E-3
+1.60561E+2	+4.77518E-3
+1.60094E+2	+5.31934E-3
+1.59950E+2	+4.26770E-3
+1.59885E+2	+3.68074E-3
+1.59472E+2	+4.67124E-3
+1.59457E+2	+5.11146E-3
+1.59168E+2	+4.43279E-3
+1.58910E+2	+4.91581E-3
+1.58892E+2	+4.81798E-3
+1.58393E+2	+4.95249E-3
+1.58395E+2	+4.78130E-3
+1.57997E+2	+5.09312E-3
+1.57827E+2	+4.90358E-3
+1.57776E+2	+4.65901E-3
+1.57229E+2	+4.94638E-3
+1.57201E+2	+5.01363E-3
+1.56868E+2	+4.39610E-3
+1.56632E+2	+4.79352E-3
+1.56630E+2	+4.86078E-3
+1.56232E+2	+4.55507E-3
+1.56164E+2	+4.71404E-3
+1.56116E+2	+4.37776E-3
+1.55581E+2	+4.16988E-3
+1.55569E+2	+5.19095E-3
+1.55344E+2	+5.17872E-3
+1.54935E+2	+5.51500E-3
+1.54939E+2	+5.39271E-3
+1.54543E+2	+4.00479E-3
+1.54463E+2	+4.94026E-3
+1.54285E+2	+4.45113E-3
+1.54000E+2	+4.57341E-3
+1.53993E+2	+5.39883E-3
+1.53485E+2	+5.63117E-3
+1.53452E+2	+5.65562E-3
+1.53282E+2	+5.01363E-3
+1.52914E+2	+5.16038E-3
+1.52914E+2	+5.44163E-3
+1.52590E+2	+4.87912E-3
+1.52471E+2	+4.91581E-3
+1.52358E+2	+4.83021E-3
+1.51769E+2	+4.93415E-3
+1.51755E+2	+4.61621E-3
+1.51300E+2	+4.89747E-3
+1.51112E+2	+4.90358E-3
+1.51048E+2	+4.86078E-3
+1.50564E+2	+4.57341E-3
+1.50555E+2	+5.05032E-3
+1.50179E+2	+5.35603E-3
+1.49995E+2	+4.78130E-3
+1.49972E+2	+5.07478E-3
+1.49373E+2	+4.87912E-3
+1.49367E+2	+5.05032E-3
+1.49111E+2	+4.54896E-3
+1.48755E+2	+4.07205E-3
+1.48762E+2	+4.76295E-3
+1.48185E+2	+4.97084E-3
+1.48120E+2	+4.90358E-3
+1.47763E+2	+5.16649E-3
+1.47445E+2	+4.27993E-3
+1.47438E+2	+4.46947E-3
+1.46986E+2	+4.96472E-3
+1.46978E+2	+4.95249E-3
+1.46752E+2	+4.94026E-3
+1.46326E+2	+4.76907E-3
+1.46317E+2	+4.76295E-3
+1.45938E+2	+5.04421E-3
+1.45733E+2	+5.44163E-3
+1.45726E+2	+5.45386E-3
+1.45210E+2	+4.98306E-3
+1.45141E+2	+4.39610E-3
+1.44932E+2	+5.17872E-3
+1.44385E+2	+4.46336E-3
+1.44387E+2	+4.67124E-3
+1.43778E+2	+5.34992E-3
+1.43761E+2	+5.71677E-3
+1.43495E+2	+4.90969E-3
+1.43158E+2	+5.20929E-3
+1.43121E+2	+4.97084E-3
+1.42637E+2	+5.01975E-3
+1.42635E+2	+5.10535E-3
+1.42297E+2	+4.62233E-3
+1.42089E+2	+5.03198E-3
+1.42059E+2	+4.48781E-3
+1.41600E+2	+5.12980E-3
+1.41588E+2	+5.00141E-3
+1.41159E+2	+5.08089E-3
+1.41031E+2	+4.95861E-3
+1.40893E+2	+4.90358E-3
+1.40473E+2	+4.88524E-3
+1.40477E+2	+4.90358E-3
+1.40006E+2	+5.10535E-3
+1.39914E+2	+4.96472E-3
+1.39745E+2	+6.05305E-3
+1.39343E+2	+4.79964E-3
+1.39327E+2	+4.42056E-3
+1.38818E+2	+4.90358E-3
+1.38768E+2	+5.32546E-3
+1.38535E+2	+4.91581E-3
+1.38214E+2	+5.71677E-3
+1.38208E+2	+5.58225E-3
+1.37636E+2	+6.34653E-3
+1.37539E+2	+6.45047E-3
+1.37423E+2	+5.71065E-3
+1.37054E+2	+6.23647E-3
+1.37055E+2	+5.28877E-3
+1.36623E+2	+6.25481E-3
+1.36425E+2	+5.61894E-3
+1.36293E+2	+5.17260E-3
+1.35811E+2	+5.69842E-3
+1.35809E+2	+4.89747E-3
+1.35426E+2	+5.18483E-3
+1.35346E+2	+4.75684E-3
+1.35207E+2	+5.31323E-3
+1.34897E+2	+5.06866E-3
+1.34890E+2	+4.61621E-3
+1.34300E+2	+5.62505E-3
+1.34278E+2	+5.23986E-3
+1.33922E+2	+5.53334E-3
+1.33804E+2	+5.46608E-3
+1.33707E+2	+4.54284E-3
+1.33333E+2	+5.74734E-3
+1.33325E+2	+5.38049E-3
+1.32933E+2	+5.00752E-3
+1.32686E+2	+5.05643E-3
+1.32634E+2	+5.45997E-3
+1.32228E+2	+5.61283E-3
+1.32226E+2	+6.68281E-3
+1.31923E+2	+5.92465E-3
+1.31871E+2	+5.19706E-3
+1.31703E+2	+5.82071E-3
+1.31401E+2	+5.68620E-3
+1.31401E+2	+6.79898E-3
+1.30953E+2	+6.82955E-3
+1.30940E+2	+6.52995E-3
+1.30665E+2	+6.62167E-3
+1.30498E+2	+6.62778E-3
+1.30431E+2	+6.53607E-3
+1.30061E+2	+5.83294E-3
+1.30061E+2	+6.18756E-3
+1.29764E+2	+4.96472E-3
+1.29596E+2	+5.11146E-3
+1.29495E+2	+5.66174E-3
+1.29076E+2	+6.14476E-3
+1.29068E+2	+6.25481E-3
+1.28727E+2	+6.27316E-3
+1.28645E+2	+5.25820E-3
+1.28536E+2	+6.46270E-3
+1.28256E+2	+6.73172E-3
+1.28239E+2	+5.80848E-3
+1.27742E+2	+5.99190E-3
+1.27736E+2	+5.21540E-3
+1.27326E+2	+5.60671E-3
+1.27221E+2	+6.14476E-3
+1.27089E+2	+5.22152E-3
+1.26839E+2	+6.73172E-3
+1.26840E+2	+6.53607E-3
+1.26396E+2	+5.88796E-3
+1.26292E+2	+6.08362E-3
+1.26268E+2	+5.27654E-3
+1.25648E+2	+5.74734E-3
+1.25632E+2	+6.75006E-3
+1.25272E+2	+5.92465E-3
+1.25099E+2	+6.07750E-3
+1.25101E+2	+6.17533E-3
+1.24534E+2	+6.53607E-3
+1.24510E+2	+6.64612E-3
+1.24209E+2	+5.74734E-3
+1.23781E+2	+6.97017E-3
+1.23755E+2	+6.26704E-3
+1.23200E+2	+7.53268E-3
+1.23174E+2	+6.59721E-3
+1.22737E+2	+6.87846E-3
+1.22583E+2	+6.44435E-3
+1.22475E+2	+6.93960E-3
+1.21985E+2	+5.94911E-3
+1.21986E+2	+6.62167E-3
+1.21557E+2	+6.09585E-3
+1.21464E+2	+6.48715E-3
+1.21190E+2	+7.63051E-3
+1.20828E+2	+6.93349E-3
+1.20820E+2	+6.59721E-3
+1.20250E+2	+7.15360E-3
+1.20209E+2	+6.10807E-3
+1.19898E+2	+7.03132E-3
+1.19678E+2	+6.73784E-3
+1.19565E+2	+7.34925E-3
+1.19083E+2	+7.55102E-3
+1.19078E+2	+6.16922E-3
+1.18557E+2	+7.74668E-3
+1.18511E+2	+7.63051E-3
+1.18210E+2	+7.61828E-3
+1.17987E+2	+6.88458E-3
+1.17948E+2	+7.43485E-3
+1.17508E+2	+8.55375E-3
+1.17487E+2	+7.67942E-3
+1.16914E+2	+7.20863E-3
+1.16847E+2	+7.67331E-3
+1.16541E+2	+7.63662E-3
+1.16397E+2	+7.36760E-3
+1.16263E+2	+7.27588E-3
+1.15883E+2	+7.84450E-3
+1.15835E+2	+7.29423E-3
+1.15357E+2	+7.30034E-3
+1.15337E+2	+7.85062E-3
+1.14897E+2	+7.47765E-3
+1.14823E+2	+7.55714E-3
+1.14621E+2	+8.39478E-3
+1.14366E+2	+7.77725E-3
+1.14362E+2	+7.59382E-3
+1.13863E+2	+8.18690E-3
+1.13854E+2	+7.49600E-3
+1.13378E+2	+7.82616E-3
+1.13266E+2	+7.86896E-3
+1.13029E+2	+8.73718E-3
+1.12747E+2	+8.22358E-3
+1.12672E+2	+7.82616E-3
+1.12341E+2	+8.09519E-3
+1.12339E+2	+8.51095E-3
+1.11914E+2	+7.85673E-3
+1.11915E+2	+8.68826E-3
+1.11510E+2	+8.92060E-3
+1.11371E+2	+8.46815E-3
+1.11187E+2	+8.77386E-3
+1.10941E+2	+9.20797E-3
+1.10926E+2	+8.88392E-3
+1.10491E+2	+9.23854E-3
+1.10484E+2	+9.06123E-3
+1.10061E+2	+8.68826E-3
+1.09986E+2	+8.81055E-3
+1.09726E+2	+8.96951E-3
+1.09611E+2	+9.08568E-3
+1.09541E+2	+8.92672E-3
+1.09257E+2	+9.36694E-3
+1.09231E+2	+9.33637E-3
+1.08785E+2	+9.72156E-3
+1.08777E+2	+9.76436E-3
+1.08261E+2	+8.81666E-3
+1.08193E+2	+9.17740E-3
+1.07906E+2	+8.67603E-3
+1.07756E+2	+8.92672E-3
+1.07618E+2	+9.40974E-3
+1.07305E+2	+9.06734E-3
+1.07296E+2	+9.33025E-3
+1.06700E+2	+9.24465E-3
+1.06698E+2	+9.72156E-3
+1.06305E+2	+8.95729E-3
+1.06254E+2	+8.95117E-3
+1.06031E+2	+1.03146E-2
+1.05828E+2	+9.55648E-3
+1.05742E+2	+1.00762E-2
+1.05319E+2	+1.00945E-2
+1.05305E+2	+1.06448E-2
+1.04830E+2	+1.06020E-2
+1.04788E+2	+9.64208E-3
+1.04466E+2	+9.70933E-3
+1.04300E+2	+1.07610E-2
+1.04144E+2	+1.01434E-2
+1.03863E+2	+1.12501E-2
+1.03853E+2	+9.69099E-3
+1.03515E+2	+1.08649E-2
+1.03489E+2	+1.04430E-2
+1.03289E+2	+1.02902E-2
+1.03032E+2	+9.78270E-3
+1.02991E+2	+9.53813E-3
+1.02662E+2	+9.84384E-3
+1.02581E+2	+9.91721E-3
+1.02383E+2	+1.00823E-2
+1.02152E+2	+1.06876E-2
+1.02152E+2	+1.06020E-2
+1.01543E+2	+1.08894E-2
+1.01460E+2	+1.02413E-2
+1.01142E+2	+1.13907E-2
+1.00938E+2	+1.02046E-2
+1.00773E+2	+1.07487E-2
+1.00348E+2	+1.16536E-2
+1.00299E+2	+1.11095E-2
+9.96725E+1	+9.64819E-3
+9.96620E+1	+1.07365E-2
+9.92183E+1	+1.13112E-2
+9.91279E+1	+1.16353E-2
+9.87886E+1	+1.18615E-2
+9.86722E+1	+1.07915E-2
+9.83690E+1	+1.12868E-2
+9.80957E+1	+1.06937E-2
+9.79492E+1	+1.12746E-2
+9.76002E+1	+1.07121E-2
+9.75788E+1	+1.10422E-2
+9.71793E+1	+1.22223E-2
+9.71762E+1	+1.17148E-2
+9.67173E+1	+1.15803E-2
+9.66640E+1	+1.08221E-2
+9.63079E+1	+1.17759E-2
+9.60642E+1	+1.18860E-2
+9.58706E+1	+1.14947E-2
+9.55782E+1	+1.13907E-2
+9.54787E+1	+1.22345E-2
+9.50508E+1	+1.19594E-2
+9.50362E+1	+1.23568E-2
+9.44761E+1	+1.20083E-2
+9.44290E+1	+1.07732E-2
+9.40415E+1	+1.15803E-2
+9.39693E+1	+1.18676E-2
+9.37621E+1	+1.18432E-2
+9.35197E+1	+1.25402E-2
+9.34972E+1	+1.19166E-2
+9.30891E+1	+1.15803E-2
+9.30814E+1	+1.25830E-2
+9.26391E+1	+1.12623E-2
+9.25429E+1	+1.25341E-2
+9.22236E+1	+1.18187E-2
+9.20990E+1	+1.17454E-2
+9.18967E+1	+1.19594E-2
+9.16508E+1	+1.19716E-2
+9.15283E+1	+1.21489E-2
+9.11284E+1	+1.16414E-2
+9.11070E+1	+1.22406E-2
+9.06011E+1	+1.16292E-2
+9.05571E+1	+1.19104E-2
+9.01039E+1	+1.15191E-2
+9.00821E+1	+1.18493E-2
+8.96545E+1	+1.19655E-2
+8.95680E+1	+1.23935E-2
+8.91245E+1	+1.27787E-2
+8.89626E+1	+1.21489E-2
+8.87100E+1	+1.07487E-2
+8.85079E+1	+1.21672E-2
+8.83345E+1	+1.13112E-2
+8.79798E+1	+1.30905E-2
+8.79502E+1	+1.26625E-2
+8.73916E+1	+1.21550E-2
+8.73780E+1	+1.25647E-2
+8.69689E+1	+1.12318E-2
+8.69515E+1	+1.17148E-2
+8.64346E+1	+1.26258E-2
+8.64167E+1	+1.23445E-2
+8.59680E+1	+1.13846E-2
+8.59557E+1	+1.20327E-2
+8.54743E+1	+1.21978E-2
+8.53850E+1	+1.16598E-2
+8.50381E+1	+1.13174E-2
+8.49171E+1	+1.19104E-2
+8.46982E+1	+1.13846E-2
+8.44524E+1	+1.17331E-2
+8.43457E+1	+1.14763E-2
+8.39611E+1	+1.16047E-2
+8.39604E+1	+1.20388E-2
+8.34372E+1	+1.10606E-2
+8.34394E+1	+1.11890E-2
+8.30482E+1	+1.07977E-2
+8.30294E+1	+1.25280E-2
+8.26504E+1	+1.13418E-2
+8.25903E+1	+1.27848E-2
+8.23093E+1	+1.17820E-2
+8.20668E+1	+1.05714E-2
+8.19580E+1	+1.17331E-2
+8.16894E+1	+1.12684E-2
+8.16818E+1	+1.12562E-2
+8.13168E+1	+1.13540E-2
+8.13139E+1	+1.10606E-2
+8.09154E+1	+1.15497E-2
+8.08824E+1	+1.04125E-2
+8.04052E+1	+1.06815E-2
+8.03699E+1	+1.08038E-2
+8.00134E+1	+1.08649E-2
+7.99028E+1	+1.08038E-2
+7.96666E+1	+1.02352E-2
+7.94699E+1	+1.06693E-2
+7.93519E+1	+1.08894E-2
+7.90130E+1	+1.12746E-2
+7.89582E+1	+1.14702E-2
+7.84623E+1	+1.05470E-2
+7.84404E+1	+1.07121E-2
+7.80532E+1	+1.02168E-2
+7.80493E+1	+1.06693E-2
+7.76749E+1	+1.04797E-2
+7.76719E+1	+1.03819E-2
+7.72829E+1	+1.13296E-2
+7.72363E+1	+1.11523E-2
+7.68566E+1	+1.09933E-2
+7.67861E+1	+1.08160E-2
+7.65164E+1	+1.06998E-2
+7.64088E+1	+1.01679E-2
+7.61574E+1	+1.05470E-2
+7.60355E+1	+1.04981E-2
+7.58481E+1	+1.03269E-2
+7.55760E+1	+1.01985E-2
+7.54902E+1	+1.04125E-2
+7.51530E+1	+1.04125E-2
+7.51067E+1	+1.04002E-2
+7.47659E+1	+9.64819E-3
+7.47532E+1	+1.01862E-2
+7.44594E+1	+9.92333E-3
+7.44588E+1	+9.70933E-3
+7.43256E+1	+9.85607E-3
+7.41139E+1	+1.04675E-2
+7.41068E+1	+9.98447E-3
+7.36589E+1	+9.47699E-3
+7.36391E+1	+9.89276E-3
+7.32703E+1	+9.50145E-3
+7.31398E+1	+9.77047E-3
+7.29581E+1	+9.80716E-3
+7.26778E+1	+9.22631E-3
+7.25268E+1	+9.30580E-3
+7.22218E+1	+1.03146E-2
+7.21881E+1	+9.66653E-3
+7.17777E+1	+9.32414E-3
+7.17426E+1	+9.91721E-3
+7.13299E+1	+9.47699E-3
+7.13227E+1	+9.48311E-3
+7.09485E+1	+9.39751E-3
+7.09214E+1	+9.14683E-3
+7.04862E+1	+8.62101E-3
+7.04550E+1	+9.79493E-3
+7.00568E+1	+9.33025E-3
+7.00455E+1	+9.06123E-3
+6.96249E+1	+8.60266E-3
+6.96025E+1	+8.68826E-3
+6.92769E+1	+8.92060E-3
+6.92399E+1	+8.19301E-3
+6.88319E+1	+8.48649E-3
+6.87849E+1	+8.58432E-3
+6.83730E+1	+8.60878E-3
+6.82804E+1	+9.09791E-3
+6.80428E+1	+8.54152E-3
+6.79645E+1	+8.11353E-3
+6.77673E+1	+8.27250E-3
+6.75312E+1	+7.97902E-3
+6.74384E+1	+8.79220E-3
+6.70987E+1	+8.63323E-3
+6.70894E+1	+8.45592E-3
+6.66984E+1	+8.22970E-3
+6.66948E+1	+8.54152E-3
+6.62445E+1	+8.15021E-3
+6.62434E+1	+8.10741E-3
+6.58128E+1	+8.27250E-3
+6.57967E+1	+7.47765E-3
+6.54127E+1	+7.63051E-3
+6.53386E+1	+7.58771E-3
+6.50990E+1	+8.60266E-3
+6.48913E+1	+7.45931E-3
+6.47961E+1	+8.02793E-3
+6.43733E+1	+8.70049E-3
+6.43724E+1	+7.26977E-3
+6.40005E+1	+7.82005E-3
+6.40001E+1	+7.41651E-3
+6.35791E+1	+7.26366E-3
+6.35740E+1	+7.06189E-3
+6.32576E+1	+7.12303E-3
+6.32514E+1	+7.29423E-3
+6.28343E+1	+7.91176E-3
+6.27556E+1	+7.66719E-3
+6.24251E+1	+7.38594E-3
+6.23519E+1	+7.69776E-3
+6.21386E+1	+6.76229E-3
+6.20054E+1	+7.01909E-3
+6.16903E+1	+7.73445E-3
+6.15361E+1	+7.21474E-3
+6.12250E+1	+7.58771E-3
+6.10823E+1	+7.20863E-3
+6.09141E+1	+7.20863E-3
+6.06300E+1	+6.50550E-3
+6.06056E+1	+7.18417E-3
+6.02532E+1	+7.38594E-3
+6.02234E+1	+6.59110E-3
+5.97354E+1	+6.83566E-3
+5.97265E+1	+6.51773E-3
+5.91255E+1	+7.69776E-3
+5.91197E+1	+7.01297E-3
+5.86729E+1	+7.24531E-3
+5.86760E+1	+7.36148E-3
+5.81633E+1	+7.31257E-3
+5.81442E+1	+6.87235E-3
+5.77221E+1	+7.33703E-3
+5.77034E+1	+6.71338E-3
+5.72421E+1	+6.26704E-3
+5.71900E+1	+6.93349E-3
+5.67700E+1	+6.71949E-3
+5.67210E+1	+7.33703E-3
+5.62936E+1	+6.71338E-3
+5.62784E+1	+6.53607E-3
+5.58112E+1	+6.95183E-3
+5.57541E+1	+6.43824E-3
+5.52695E+1	+7.34925E-3
+5.52114E+1	+6.57887E-3
+5.48230E+1	+6.86012E-3
+5.47435E+1	+6.68281E-3
+5.43071E+1	+6.76229E-3
+5.42787E+1	+6.71949E-3
+5.37400E+1	+6.79898E-3
+5.36811E+1	+7.18417E-3
+5.32289E+1	+7.01909E-3
+5.32157E+1	+6.92126E-3
+5.28361E+1	+7.00686E-3
+5.27791E+1	+7.10469E-3
+5.24013E+1	+6.26704E-3
+5.22896E+1	+5.79625E-3
+5.19200E+1	+6.90903E-3
+5.18161E+1	+7.40428E-3
+5.15075E+1	+6.60332E-3
+5.13377E+1	+6.76229E-3
+5.11028E+1	+6.27927E-3
+5.09192E+1	+6.70115E-3
+5.06680E+1	+7.03132E-3
+5.04549E+1	+6.79286E-3
+5.01158E+1	+6.11419E-3
+5.00054E+1	+6.63389E-3
+4.97935E+1	+7.34314E-3
+4.94799E+1	+5.99802E-3
+4.93867E+1	+6.23036E-3
+4.90775E+1	+6.67058E-3
+4.90503E+1	+6.50550E-3
+4.86200E+1	+6.81732E-3
+4.86165E+1	+6.13865E-3
+4.80894E+1	+6.78675E-3
+4.80842E+1	+6.08973E-3
+4.76208E+1	+6.29761E-3
+4.75994E+1	+6.60332E-3
+4.71077E+1	+6.33430E-3
+4.70954E+1	+6.46881E-3
+4.66324E+1	+6.73784E-3
+4.66241E+1	+5.93076E-3
+4.61423E+1	+6.73784E-3
+4.61103E+1	+6.81732E-3
+4.55804E+1	+6.67058E-3
+4.55752E+1	+7.17194E-3
+4.50491E+1	+7.06800E-3
+4.50352E+1	+6.65224E-3
+4.45840E+1	+7.09246E-3
+4.44585E+1	+6.90292E-3
+4.42443E+1	+6.43824E-3
+4.39631E+1	+6.77452E-3
+4.37535E+1	+7.19640E-3
+4.33777E+1	+6.93349E-3
+4.33428E+1	+6.48715E-3
+4.29071E+1	+6.57887E-3
+4.28921E+1	+6.40767E-3
+4.25339E+1	+7.51434E-3
+4.24762E+1	+6.49327E-3
+4.20499E+1	+7.06189E-3
+4.19930E+1	+6.78675E-3
+4.15234E+1	+7.22697E-3
+4.14786E+1	+6.30984E-3
+4.10003E+1	+6.69504E-3
+4.09829E+1	+6.77452E-3
+4.05493E+1	+7.19640E-3
+4.05342E+1	+6.71949E-3
+4.00617E+1	+7.42874E-3
+4.00467E+1	+7.45931E-3
+3.95381E+1	+6.78064E-3
+3.95302E+1	+6.93960E-3
+3.91403E+1	+6.68892E-3
+3.90692E+1	+6.78064E-3
+3.88380E+1	+7.05577E-3
+3.87678E+1	+6.88458E-3
+3.84041E+1	+7.17194E-3
+3.82265E+1	+7.58771E-3
+3.78979E+1	+7.09857E-3
+3.76891E+1	+7.77725E-3
+3.75048E+1	+6.92126E-3
+3.72955E+1	+7.39817E-3
+3.71503E+1	+7.14137E-3
+3.67544E+1	+6.68281E-3
+3.67512E+1	+7.28811E-3
+3.62059E+1	+7.47154E-3
+3.62012E+1	+7.28811E-3
+3.56718E+1	+6.79898E-3
+3.56492E+1	+7.15360E-3
+3.51073E+1	+7.33091E-3
+3.50644E+1	+7.58771E-3
+3.44979E+1	+7.25143E-3
+3.44554E+1	+6.73784E-3
+3.40128E+1	+7.12914E-3
+3.39848E+1	+7.59994E-3
+3.35966E+1	+7.82005E-3
+3.35290E+1	+7.41040E-3
+3.31299E+1	+7.24531E-3
+3.30083E+1	+7.43485E-3
+3.26815E+1	+7.61216E-3
+3.25221E+1	+7.22086E-3
+3.22054E+1	+7.44708E-3
+3.20790E+1	+7.63051E-3
+3.18623E+1	+7.12914E-3
+3.16989E+1	+7.45320E-3
+3.15261E+1	+6.92126E-3
+3.11626E+1	+7.37983E-3
+3.10546E+1	+7.73445E-3
+3.05646E+1	+7.24531E-3
+3.05385E+1	+7.15971E-3
+3.00125E+1	+6.89680E-3
+2.99934E+1	+7.56325E-3
+2.95326E+1	+6.78675E-3
+2.94622E+1	+7.41651E-3
+2.89875E+1	+7.67331E-3
+2.88369E+1	+7.36148E-3
+2.84316E+1	+7.06189E-3
+2.83059E+1	+7.41651E-3
+2.79512E+1	+7.58771E-3
+2.78377E+1	+6.98240E-3
+2.73710E+1	+7.34314E-3
+2.71747E+1	+7.15360E-3
+2.68946E+1	+7.67942E-3
+2.65973E+1	+7.50822E-3
+2.64269E+1	+7.33703E-3
+2.61431E+1	+7.12303E-3
+2.61133E+1	+7.53879E-3
+2.56717E+1	+7.45931E-3
+2.56663E+1	+7.22086E-3
+2.49254E+1	+7.48988E-3
+2.48979E+1	+7.25143E-3
+2.44361E+1	+7.39817E-3
+2.43820E+1	+7.44097E-3
+2.39529E+1	+6.71949E-3
+2.38219E+1	+7.08023E-3
+2.33810E+1	+7.44097E-3
+2.32085E+1	+7.59382E-3
+2.28790E+1	+7.03743E-3
+2.25767E+1	+6.60332E-3
+2.25609E+1	+6.62167E-3
+2.22744E+1	+7.14749E-3
+2.22677E+1	+7.54491E-3
+2.17730E+1	+7.84450E-3
+2.17307E+1	+7.08634E-3
+2.14359E+1	+6.87846E-3
+2.11510E+1	+6.78064E-3
+2.10214E+1	+7.23920E-3
+2.05941E+1	+6.55441E-3
+2.05724E+1	+6.97017E-3
+2.00398E+1	+7.17194E-3
+2.00229E+1	+7.11080E-3
+1.96163E+1	+7.48988E-3
+1.94148E+1	+6.90292E-3
+1.91992E+1	+7.08634E-3
+1.88699E+1	+6.89069E-3
+1.88324E+1	+7.52657E-3
+1.82599E+1	+7.20251E-3
+1.82597E+1	+7.03743E-3
+1.77303E+1	+6.98240E-3
+1.76784E+1	+7.34314E-3
+1.71691E+1	+6.59721E-3
+1.71142E+1	+6.25481E-3
+1.66097E+1	+7.13526E-3
+1.65065E+1	+6.90903E-3
+1.60310E+1	+7.02520E-3
+1.59014E+1	+6.46881E-3
+1.55407E+1	+7.12914E-3
+1.53542E+1	+6.65835E-3
+1.51709E+1	+6.61555E-3
+1.47619E+1	+6.54830E-3
+1.46593E+1	+6.84178E-3
+1.41553E+1	+6.54218E-3
+1.41338E+1	+6.46270E-3
+1.36253E+1	+6.71338E-3
+1.36121E+1	+6.64001E-3
+1.30716E+1	+6.86012E-3
+1.30193E+1	+6.04082E-3
+1.24297E+1	+6.93960E-3
+1.24012E+1	+6.33430E-3
+1.19209E+1	+6.61555E-3
+1.18744E+1	+6.86012E-3
+1.15600E+1	+6.48715E-3
+1.12864E+1	+6.13865E-3
+1.11054E+1	+6.69504E-3
+1.07387E+1	+6.84178E-3
+1.06366E+1	+6.56052E-3
+1.01417E+1	+7.06800E-3
+1.01352E+1	+6.34041E-3
+9.55376E+0	+6.54830E-3
+9.52051E+0	+6.46270E-3
+9.00423E+0	+7.11692E-3
+8.83413E+0	+6.97017E-3
+8.64869E+0	+6.62167E-3
+8.21943E+0	+6.50550E-3
+8.21443E+0	+6.81732E-3
+7.69247E+0	+6.63389E-3
+7.67897E+0	+6.58498E-3
+7.15115E+0	+6.51161E-3
+7.08175E+0	+5.98579E-3
+7.07850E+0	+6.65224E-3
+7.07695E+0	+6.56052E-3
+6.98725E+0	+6.25481E-3
+6.47559E+0	+6.54218E-3
+6.48218E+0	+6.12030E-3
+6.15485E+0	+6.49938E-3
+6.00019E+0	+6.46270E-3
+5.86159E+0	+6.64001E-3
+5.25072E+0	+6.54830E-3
+5.24401E+0	+6.12642E-3
+4.76271E+0	+6.62778E-3
+4.70183E+0	+6.35876E-3
+4.35384E+0	+6.48715E-3
+4.00642E+0	+6.55441E-3
+3.94837E+0	+6.23036E-3
+3.38371E+0	+6.28539E-3
+3.38305E+0	+5.97356E-3
+2.78606E+0	+5.80236E-3
+2.75543E+0	+6.19979E-3
+2.34712E+0	+6.61555E-3
+2.13056E+0	+6.59110E-3
+2.08097E+0	+6.17533E-3
+1.50910E+0	+6.61555E-3
+1.50732E+0	+6.21202E-3
+1.22318E+0	+6.27927E-3
+9.17198E-1	+6.25481E-3
+9.04219E-1	+6.97017E-3
+4.26222E-1	+6.42601E-3
+4.05803E-1	+5.92465E-3
-6.56955E-4	+6.10196E-3
-8.70022E-4	+6.54830E-3
-1.93535E-3	+6.62778E-3
-5.85933E-4	+6.78064E-3
-3.39131E-3	+5.89408E-3
-2.71660E-3	+6.32819E-3
-2.07740E-3	+6.35876E-3
-1.15411E-3	+6.13253E-3
-3.30253E-3	+6.06528E-3
-1.47371E-3	+6.20590E-3
-1.38493E-3	+6.18756E-3
-1.52698E-3	+6.53607E-3
-1.81107E-3	+6.10196E-3
-2.25495E-3	+6.86012E-3
-2.41475E-3	+6.29150E-3
-2.87640E-3	+6.34041E-3
-2.07740E-3	+6.38321E-3
-2.45027E-3	+6.63389E-3
-2.07740E-3	+6.82343E-3
-2.52129E-3	+7.42262E-3
-2.25495E-3	+8.60878E-3
-5.32666E-4	+9.06734E-3
-3.42682E-3	+9.07957E-3
-2.45027E-3	+9.96613E-3
-2.43251E-3	+1.04002E-2
-3.92398E-3	+1.05286E-2
-1.56249E-3	+1.01801E-2
-3.03620E-3	+1.04675E-2
-2.36149E-3	+1.07243E-2
-2.29047E-3	+1.11462E-2
-1.97087E-3	+1.11217E-2
-2.53904E-3	+1.12684E-2
-1.98862E-3	+1.18248E-2
-1.66902E-3	+1.16353E-2
-6.92466E-4	+1.20083E-2
-2.85864E-3	+1.17026E-2
-1.81107E-3	+1.15864E-2
