+5.50422E-4	+1.51204E-2
-2.39700E-3	+1.39893E-2
-2.57455E-3	+1.45946E-2
-9.41044E-4	+1.51876E-2
-2.20169E-3	+1.58602E-2
-1.82882E-3	+1.48086E-2
-1.29616E-3	+1.37814E-2
-3.19600E-4	+1.16720E-2
-8.52266E-4	+8.64546E-3
-4.43889E-4	+7.19640E-3
-7.81244E-4	+5.57003E-3
+1.22513E-3	+6.14476E-3
-8.87777E-5	+5.49054E-3
-3.72867E-4	+5.66785E-3
+8.87777E-5	+6.05916E-3
-6.56955E-4	+5.86351E-3
-1.52698E-3	+5.65562E-3
-2.07740E-3	+5.94299E-3
-1.82882E-3	+5.17260E-3
-9.05533E-4	+5.94299E-3
-1.58024E-3	+5.52723E-3
-2.48578E-3	+5.75345E-3
-2.57455E-3	+5.42940E-3
-1.68678E-3	+5.47220E-3
-2.30822E-4	+5.08089E-3
-1.02982E-3	+5.96745E-3
-1.81107E-3	+5.85739E-3
-5.32666E-4	+5.67397E-3
-1.01207E-3	+5.64340E-3
-1.66902E-3	+6.13253E-3
-1.01207E-3	+5.82682E-3
-2.04189E-3	+5.77179E-3
-2.53904E-3	+5.16038E-3
-9.58800E-4	+5.11146E-3
-1.02982E-3	+5.23986E-3
-1.13636E-3	+5.11758E-3
+2.79614E-1	+4.00479E-3
+3.05591E-1	+4.50004E-3
+3.06532E-1	+4.67735E-3
+6.55641E-1	+3.90697E-3
+8.45839E-1	+3.28332E-3
+8.46194E-1	+3.54012E-3
+9.46850E-1	+3.58291E-3
+1.44853E+0	+3.40560E-3
+1.51041E+0	+3.55846E-3
+1.50919E+0	+3.49732E-3
+1.86994E+0	+3.27109E-3
+2.06699E+0	+3.66851E-3
+2.07671E+0	+3.77857E-3
+2.23928E+0	+3.64406E-3
+2.65568E+0	+4.42667E-3
+2.68684E+0	+4.68958E-3
+2.68689E+0	+4.18210E-3
+3.12157E+0	+5.05032E-3
+3.24097E+0	+5.58837E-3
+3.24262E+0	+5.71677E-3
+3.36132E+0	+5.96745E-3
+3.93600E+0	+6.45658E-3
+4.00549E+0	+6.29761E-3
+4.00697E+0	+6.56052E-3
+4.35927E+0	+7.34314E-3
+4.63608E+0	+6.92126E-3
+4.65906E+0	+7.51434E-3
+4.74817E+0	+7.96679E-3
+5.30165E+0	+8.08907E-3
+5.39976E+0	+7.85062E-3
+5.39868E+0	+7.69165E-3
+5.89168E+0	+8.47427E-3
+6.16927E+0	+8.15021E-3
+6.17581E+0	+7.98513E-3
+6.30015E+0	+8.52318E-3
+6.74231E+0	+9.64819E-3
+6.77120E+0	+9.13460E-3
+6.76882E+0	+9.52591E-3
+7.28975E+0	+1.00701E-2
+7.39011E+0	+9.86830E-3
+7.39394E+0	+9.92333E-3
+7.75775E+0	+1.01557E-2
+8.13005E+0	+1.02780E-2
+8.14211E+0	+1.04308E-2
+8.15452E+0	+1.01006E-2
+8.72321E+0	+1.01251E-2
+8.83921E+0	+9.70933E-3
+8.84312E+0	+9.96613E-3
+9.03825E+0	+9.84996E-3
+9.56140E+0	+8.18690E-3
+9.67154E+0	+8.20524E-3
+9.67514E+0	+8.46204E-3
+1.00615E+1	+6.76841E-3
+1.02933E+1	+6.48715E-3
+1.02939E+1	+5.88796E-3
+1.03351E+1	+6.02248E-3
+1.08932E+1	+4.81798E-3
+1.09731E+1	+4.97084E-3
+1.09711E+1	+4.58564E-3
+1.13588E+1	+3.71743E-3
+1.15836E+1	+4.02314E-3
+1.15870E+1	+3.82748E-3
+1.16615E+1	+3.65017E-3
+1.21819E+1	+4.10262E-3
+1.21938E+1	+3.73577E-3
+1.21970E+1	+4.40222E-3
+1.25663E+1	+4.67124E-3
+1.28701E+1	+5.13592E-3
+1.29009E+1	+5.29489E-3
+1.29620E+1	+5.17872E-3
+1.34417E+1	+5.86962E-3
+1.35359E+1	+5.93076E-3
+1.35373E+1	+5.38660E-3
+1.36906E+1	+6.08362E-3
+1.40134E+1	+6.16922E-3
+1.40427E+1	+6.24870E-3
+1.40481E+1	+5.96745E-3
+1.44658E+1	+6.49938E-3
+1.46118E+1	+7.01297E-3
+1.46126E+1	+6.84178E-3
+1.47601E+1	+6.48104E-3
+1.51216E+1	+7.91176E-3
+1.51446E+1	+6.87235E-3
+1.51454E+1	+7.59382E-3
+1.55487E+1	+7.30646E-3
+1.56797E+1	+8.41312E-3
+1.56788E+1	+7.40428E-3
+1.59061E+1	+8.23581E-3
+1.62867E+1	+9.80716E-3
+1.62923E+1	+1.01740E-2
+1.62928E+1	+9.39139E-3
+1.66823E+1	+1.10055E-2
+1.68901E+1	+1.27175E-2
+1.68888E+1	+1.19410E-2
+1.68925E+1	+1.21550E-2
+1.72743E+1	+1.34084E-2
+1.73748E+1	+1.38792E-2
+1.73769E+1	+1.41605E-2
+1.76542E+1	+1.56462E-2
+1.79618E+1	+1.65267E-2
+1.79650E+1	+1.65389E-2
+1.79696E+1	+1.62332E-2
+1.84434E+1	+1.74010E-2
+1.85698E+1	+1.68813E-2
+1.85708E+1	+1.74744E-2
+1.88921E+1	+1.68874E-2
+1.91017E+1	+1.56095E-2
+1.91043E+1	+1.64839E-2
+1.92300E+1	+1.51265E-2
+1.95721E+1	+1.41971E-2
+1.95737E+1	+1.41177E-2
+1.95747E+1	+1.40993E-2
+2.00349E+1	+1.16598E-2
+2.01122E+1	+1.14641E-2
+2.01130E+1	+1.13968E-2
+2.04071E+1	+9.38528E-3
+2.06527E+1	+8.29695E-3
+2.06586E+1	+7.99736E-3
+2.06612E+1	+8.07684E-3
+2.10112E+1	+6.62167E-3
+2.11874E+1	+5.58225E-3
+2.11874E+1	+5.45997E-3
+2.12472E+1	+5.21540E-3
+2.16513E+1	+4.20045E-3
+2.16603E+1	+3.83360E-3
+2.16628E+1	+3.85194E-3
+2.20435E+1	+4.48170E-3
+2.22688E+1	+4.24936E-3
+2.22678E+1	+4.45724E-3
+2.22728E+1	+4.23102E-3
+2.27061E+1	+4.32885E-3
+2.28086E+1	+4.43279E-3
+2.28079E+1	+4.43890E-3
+2.30037E+1	+4.54284E-3
+2.33343E+1	+5.42329E-3
+2.33513E+1	+5.12980E-3
+2.33511E+1	+5.37437E-3
+2.37306E+1	+5.94299E-3
+2.38378E+1	+6.02248E-3
+2.38381E+1	+5.88796E-3
+2.40190E+1	+6.00413E-3
+2.43263E+1	+5.50277E-3
+2.43520E+1	+5.65562E-3
+2.43506E+1	+5.72288E-3
+2.47067E+1	+6.04082E-3
+2.48459E+1	+5.96745E-3
+2.48483E+1	+5.14203E-3
+2.51300E+1	+5.16649E-3
+2.52965E+1	+5.31323E-3
+2.52964E+1	+5.02586E-3
+2.53809E+1	+5.45386E-3
+2.57380E+1	+5.09923E-3
+2.57651E+1	+5.31323E-3
+2.57636E+1	+5.28266E-3
+2.60770E+1	+5.86351E-3
+2.62328E+1	+5.88185E-3
+2.62327E+1	+5.99802E-3
+2.63061E+1	+6.40156E-3
+2.66880E+1	+7.89953E-3
+2.67214E+1	+7.82005E-3
+2.67179E+1	+7.50822E-3
+2.69917E+1	+8.37644E-3
+2.72330E+1	+9.69710E-3
+2.72360E+1	+9.64819E-3
+2.73345E+1	+9.59316E-3
+2.77153E+1	+1.16047E-2
+2.77683E+1	+1.17270E-2
+2.77707E+1	+1.14886E-2
+2.81884E+1	+1.35490E-2
+2.82677E+1	+1.32800E-2
+2.82626E+1	+1.42094E-2
+2.85462E+1	+1.39465E-2
+2.88388E+1	+1.44417E-2
+2.88430E+1	+1.41421E-2
+2.88442E+1	+1.43439E-2
+2.92110E+1	+1.33534E-2
+2.93041E+1	+1.40321E-2
+2.93061E+1	+1.35124E-2
+2.95708E+1	+1.26258E-2
+2.98163E+1	+1.10361E-2
+2.98388E+1	+1.11951E-2
+2.99500E+1	+1.03208E-2
+3.02982E+1	+9.36694E-3
+3.03048E+1	+8.41924E-3
+3.03122E+1	+9.23242E-3
+3.07059E+1	+7.19640E-3
+3.08343E+1	+6.89069E-3
+3.08366E+1	+6.98852E-3
+3.10257E+1	+5.80848E-3
+3.12968E+1	+4.95249E-3
+3.12951E+1	+5.21540E-3
+3.13614E+1	+5.35603E-3
+3.17083E+1	+4.35942E-3
+3.17616E+1	+4.42056E-3
+3.17633E+1	+4.31662E-3
+3.21461E+1	+3.65017E-3
+3.22225E+1	+3.83360E-3
+3.22249E+1	+4.31050E-3
+3.25624E+1	+4.14542E-3
+3.26973E+1	+4.19433E-3
+3.26999E+1	+4.20656E-3
+3.28637E+1	+4.34107E-3
+3.31523E+1	+4.80575E-3
+3.31531E+1	+4.26770E-3
+3.31604E+1	+4.85467E-3
+3.35386E+1	+5.27043E-3
+3.36101E+1	+4.71404E-3
+3.36114E+1	+4.64067E-3
+3.39948E+1	+4.76295E-3
+3.40932E+1	+5.22152E-3
+3.41054E+1	+4.64067E-3
+3.43289E+1	+5.49666E-3
+3.45302E+1	+5.30100E-3
+3.45299E+1	+4.61010E-3
+3.46414E+1	+4.66513E-3
+3.49909E+1	+4.51227E-3
+3.49985E+1	+4.51227E-3
+3.49973E+1	+4.43279E-3
+3.53245E+1	+4.56730E-3
+3.54506E+1	+4.74461E-3
+3.54523E+1	+4.68958E-3
+3.56532E+1	+3.51566E-3
+3.59102E+1	+4.00479E-3
+3.59175E+1	+4.05371E-3
+3.60118E+1	+4.16988E-3
+3.63775E+1	+3.88251E-3
+3.64348E+1	+4.29827E-3
+3.64383E+1	+4.25548E-3
+3.67621E+1	+4.31662E-3
+3.69054E+1	+3.53400E-3
+3.69072E+1	+3.77245E-3
+3.70416E+1	+4.49393E-3
+3.73657E+1	+5.55168E-3
+3.73665E+1	+4.51227E-3
+3.74135E+1	+4.33496E-3
+3.77117E+1	+3.97422E-3
+3.77556E+1	+5.14203E-3
+3.77541E+1	+4.58564E-3
+3.80862E+1	+4.42056E-3
+3.81477E+1	+5.67397E-3
+3.81463E+1	+5.41106E-3
+3.84607E+1	+5.72899E-3
+3.86200E+1	+5.32546E-3
+3.86212E+1	+5.20929E-3
+3.88054E+1	+5.21540E-3
+3.90918E+1	+5.52723E-3
+3.90927E+1	+5.54557E-3
+3.91596E+1	+5.01363E-3
+3.95170E+1	+5.42940E-3
+3.95393E+1	+6.08973E-3
+3.95425E+1	+5.85128E-3
+3.99461E+1	+5.08700E-3
+4.00708E+1	+5.31323E-3
+4.00761E+1	+5.15426E-3
+4.02881E+1	+5.12980E-3
+4.04595E+1	+5.49054E-3
+4.04643E+1	+5.31323E-3
+4.04690E+1	+5.49054E-3
+4.07264E+1	+5.30100E-3
+4.08301E+1	+5.04421E-3
+4.08304E+1	+5.36826E-3
+4.08623E+1	+4.99529E-3
+4.11942E+1	+4.74461E-3
+4.12149E+1	+5.38049E-3
+4.12184E+1	+5.00141E-3
+4.13753E+1	+5.12369E-3
+4.15970E+1	+4.45113E-3
+4.15966E+1	+4.65290E-3
+4.17387E+1	+4.90358E-3
+4.19327E+1	+5.22763E-3
+4.19561E+1	+4.51839E-3
+4.21094E+1	+4.68347E-3
+4.23549E+1	+4.75072E-3
+4.23558E+1	+4.38387E-3
+4.24304E+1	+4.95861E-3
+4.26640E+1	+4.50004E-3
+4.26716E+1	+4.55507E-3
+4.26735E+1	+4.12708E-3
+4.26784E+1	+4.24936E-3
+4.27810E+1	+4.42056E-3
+4.30924E+1	+4.21879E-3
+4.31269E+1	+4.43890E-3
+4.31293E+1	+4.23713E-3
+4.33630E+1	+4.42056E-3
+4.35131E+1	+4.19433E-3
+4.35124E+1	+4.38387E-3
+4.36394E+1	+4.41444E-3
+4.38892E+1	+4.06594E-3
+4.38958E+1	+4.49393E-3
+4.39633E+1	+3.98034E-3
+4.43448E+1	+3.75411E-3
+4.43742E+1	+3.84582E-3
+4.43771E+1	+3.75411E-3
+4.47334E+1	+4.26770E-3
+4.48868E+1	+3.88862E-3
+4.48886E+1	+4.35330E-3
+4.51333E+1	+3.82748E-3
+4.54164E+1	+4.31050E-3
+4.54206E+1	+4.43890E-3
+4.56723E+1	+4.84244E-3
+4.59617E+1	+4.12096E-3
+4.59622E+1	+4.77518E-3
+4.61862E+1	+4.23102E-3
+4.65607E+1	+4.20045E-3
+4.65572E+1	+5.40494E-3
+4.66199E+1	+4.67124E-3
+4.70318E+1	+5.33769E-3
+4.70931E+1	+5.11758E-3
+4.70995E+1	+4.73238E-3
+4.74960E+1	+5.45386E-3
+4.76180E+1	+4.87301E-3
+4.76205E+1	+5.06255E-3
+4.79237E+1	+4.48170E-3
+4.81546E+1	+5.59448E-3
+4.81522E+1	+5.53945E-3
+4.82926E+1	+5.41717E-3
+4.86226E+1	+5.90631E-3
+4.86268E+1	+5.99802E-3
+4.86548E+1	+6.19367E-3
+4.91550E+1	+7.42262E-3
+4.92376E+1	+6.85401E-3
+4.92428E+1	+6.82343E-3
+4.95885E+1	+8.29084E-3
+4.97707E+1	+7.98513E-3
+4.97674E+1	+8.65769E-3
+4.98083E+1	+8.35198E-3
+5.02493E+1	+9.15905E-3
+5.03706E+1	+1.04797E-2
+5.03735E+1	+9.59316E-3
+5.06435E+1	+1.09566E-2
+5.09102E+1	+1.07426E-2
+5.09108E+1	+1.13846E-2
+5.10989E+1	+1.09322E-2
+5.14439E+1	+1.15497E-2
+5.15135E+1	+1.11401E-2
+5.15167E+1	+1.10300E-2
+5.19650E+1	+1.02841E-2
+5.20518E+1	+9.94778E-3
+5.20550E+1	+1.00395E-2
+5.22844E+1	+1.00089E-2
+5.26676E+1	+8.38867E-3
+5.26800E+1	+8.41312E-3
+5.27439E+1	+8.92060E-3
+5.31415E+1	+6.88458E-3
+5.32114E+1	+6.82955E-3
+5.32089E+1	+6.55441E-3
+5.36444E+1	+5.75345E-3
+5.38320E+1	+4.86689E-3
+5.38288E+1	+5.08089E-3
+5.40246E+1	+5.22763E-3
+5.44485E+1	+4.37776E-3
+5.44986E+1	+4.50616E-3
+5.44964E+1	+4.43279E-3
+5.46763E+1	+3.82748E-3
+5.48959E+1	+4.56118E-3
+5.49018E+1	+4.98918E-3
+5.48987E+1	+4.30439E-3
+5.51481E+1	+4.93415E-3
+5.53560E+1	+5.89408E-3
+5.53499E+1	+5.45997E-3
+5.54347E+1	+5.09312E-3
+5.57276E+1	+5.53334E-3
+5.57639E+1	+5.97356E-3
+5.57637E+1	+5.50277E-3
+5.60889E+1	+6.67669E-3
+5.62010E+1	+6.07139E-3
+5.62042E+1	+5.69842E-3
+5.63626E+1	+5.79014E-3
+5.65743E+1	+6.65224E-3
+5.65811E+1	+6.00413E-3
+5.65898E+1	+6.70115E-3
+5.68506E+1	+6.48715E-3
+5.68746E+1	+6.65224E-3
+5.68781E+1	+7.00075E-3
+5.72166E+1	+6.95795E-3
+5.72958E+1	+7.70999E-3
+5.73132E+1	+6.90292E-3
+5.75200E+1	+7.25754E-3
+5.76318E+1	+7.94233E-3
+5.76361E+1	+8.30918E-3
+5.78013E+1	+8.51095E-3
+5.80026E+1	+1.06326E-2
+5.80040E+1	+1.01129E-2
+5.81037E+1	+1.10239E-2
+5.83585E+1	+1.27114E-2
+5.83788E+1	+1.30538E-2
+5.83721E+1	+1.30416E-2
+5.86551E+1	+1.55484E-2
+5.86944E+1	+1.76455E-2
+5.86914E+1	+1.61965E-2
+5.89542E+1	+2.03786E-2
+5.90500E+1	+2.17910E-2
+5.90460E+1	+2.13752E-2
+5.92866E+1	+2.57896E-2
+5.94980E+1	+2.92686E-2
+5.95020E+1	+2.92808E-2
+5.97084E+1	+3.17999E-2
+5.99678E+1	+3.55846E-2
+5.99759E+1	+3.52238E-2
+6.00625E+1	+3.53339E-2
+6.04069E+1	+3.84460E-2
+6.04226E+1	+3.86906E-2
+6.04267E+1	+3.83482E-2
+6.07022E+1	+3.96627E-2
+6.08436E+1	+4.01091E-2
+6.08590E+1	+4.03842E-2
+6.10504E+1	+3.91125E-2
+6.13867E+1	+3.92225E-2
+6.13906E+1	+3.86111E-2
+6.14897E+1	+3.70214E-2
+6.18263E+1	+3.27048E-2
+6.18476E+1	+3.18060E-2
+6.18504E+1	+3.28760E-2
+6.22397E+1	+2.50437E-2
+6.23600E+1	+2.47502E-2
+6.23570E+1	+2.51049E-2
+6.25593E+1	+2.06415E-2
+6.28081E+1	+1.81286E-2
+6.28107E+1	+1.79941E-2
+6.29040E+1	+1.60008E-2
+6.31874E+1	+1.26319E-2
+6.31946E+1	+1.17515E-2
+6.32499E+1	+1.13235E-2
+6.36052E+1	+7.77113E-3
+6.36344E+1	+7.42874E-3
+6.36437E+1	+7.83228E-3
+6.40067E+1	+6.14476E-3
+6.40868E+1	+6.10807E-3
+6.40883E+1	+5.85128E-3
+6.44021E+1	+6.62778E-3
+6.46013E+1	+6.87846E-3
+6.45994E+1	+7.01297E-3
+6.48300E+1	+7.92399E-3
+6.51190E+1	+9.04288E-3
+6.51224E+1	+8.93894E-3
+6.51292E+1	+9.11014E-3
+6.55104E+1	+9.26300E-3
+6.56396E+1	+9.32414E-3
+6.56474E+1	+1.02107E-2
+6.59123E+1	+9.66653E-3
+6.61540E+1	+9.32414E-3
+6.61743E+1	+9.81939E-3
+6.62702E+1	+9.05511E-3
+6.66257E+1	+8.55986E-3
+6.66319E+1	+8.74940E-3
+6.66702E+1	+8.84723E-3
+6.70854E+1	+7.19640E-3
+6.71482E+1	+7.26366E-3
+6.71464E+1	+7.45931E-3
+6.75175E+1	+7.82616E-3
+6.75933E+1	+7.89953E-3
+6.75978E+1	+8.05239E-3
+6.77990E+1	+1.00640E-2
+6.80402E+1	+1.20939E-2
+6.80369E+1	+1.15191E-2
+6.81563E+1	+1.36530E-2
+6.85590E+1	+2.16626E-2
+6.85609E+1	+2.19989E-2
+6.85932E+1	+2.19133E-2
+6.90304E+1	+3.31756E-2
+6.90845E+1	+3.45635E-2
+6.90835E+1	+3.41600E-2
+6.93693E+1	+4.22552E-2
+6.95311E+1	+4.75500E-2
+6.95356E+1	+4.83877E-2
+6.96654E+1	+5.13898E-2
+6.99842E+1	+6.30679E-2
+6.99815E+1	+6.36365E-2
+6.99842E+1	+6.31290E-2
+7.01797E+1	+6.89008E-2
+7.03750E+1	+7.40061E-2
+7.03927E+1	+7.34314E-2
+7.05297E+1	+7.51801E-2
+7.08029E+1	+7.50945E-2
+7.08078E+1	+7.61828E-2
+7.08230E+1	+7.50822E-2
+7.11852E+1	+7.13587E-2
+7.12560E+1	+7.34008E-2
+7.12589E+1	+7.39267E-2
+7.15200E+1	+7.08451E-2
+7.17826E+1	+7.24715E-2
+7.17823E+1	+7.01114E-2
+7.18493E+1	+7.03865E-2
+7.22314E+1	+6.10379E-2
+7.22553E+1	+5.78402E-2
+7.22515E+1	+5.95094E-2
+7.25686E+1	+4.69019E-2
+7.27575E+1	+4.10629E-2
+7.27575E+1	+4.11179E-2
+7.29117E+1	+3.54868E-2
+7.32007E+1	+2.80091E-2
+7.31998E+1	+2.78624E-2
+7.32479E+1	+2.62788E-2
+7.36945E+1	+1.73215E-2
+7.37235E+1	+1.60131E-2
+7.37225E+1	+1.63616E-2
+7.40027E+1	+1.19838E-2
+7.42114E+1	+1.02168E-2
+7.42198E+1	+9.64819E-3
+7.42347E+1	+9.48922E-3
+7.46631E+1	+7.28811E-3
+7.47024E+1	+7.39205E-3
+7.47038E+1	+8.15021E-3
+7.49807E+1	+8.81055E-3
+7.52205E+1	+9.74602E-3
+7.52246E+1	+9.22020E-3
+7.52403E+1	+9.91110E-3
+7.56606E+1	+1.32005E-2
+7.57204E+1	+1.37875E-2
+7.57177E+1	+1.24729E-2
+7.60216E+1	+1.34573E-2
+7.61684E+1	+1.34145E-2
+7.61781E+1	+1.40382E-2
+7.63205E+1	+1.31516E-2
+7.66279E+1	+1.33228E-2
+7.66326E+1	+1.33045E-2
+7.66647E+1	+1.32433E-2
+7.70138E+1	+1.10545E-2
+7.70352E+1	+1.11890E-2
+7.70420E+1	+1.08894E-2
+7.72172E+1	+9.66653E-3
+7.75157E+1	+8.16244E-3
+7.75289E+1	+8.56598E-3
+7.75975E+1	+8.16856E-3
+7.78447E+1	+7.35537E-3
+7.78520E+1	+7.74668E-3
+7.78538E+1	+7.06800E-3
+7.82109E+1	+7.64885E-3
+7.83554E+1	+8.89614E-3
+7.83578E+1	+9.12237E-3
+7.86171E+1	+1.30477E-2
+7.88107E+1	+1.66123E-2
+7.88177E+1	+1.69608E-2
+7.89081E+1	+1.88134E-2
+7.92958E+1	+2.98923E-2
+7.93192E+1	+3.26375E-2
+7.93191E+1	+3.09317E-2
+7.96094E+1	+4.01947E-2
+7.98406E+1	+4.99651E-2
+7.98426E+1	+4.82837E-2
+7.98566E+1	+4.84672E-2
+8.02135E+1	+6.47309E-2
+8.02247E+1	+6.26827E-2
+8.02257E+1	+6.34897E-2
+8.05727E+1	+7.34192E-2
+8.07318E+1	+8.34831E-2
+8.07292E+1	+8.43697E-2
+8.08669E+1	+8.51951E-2
+8.11752E+1	+9.37427E-2
+8.11832E+1	+9.31802E-2
+8.11837E+1	+9.19085E-2
+8.14668E+1	+8.84845E-2
+8.16957E+1	+8.80199E-2
+8.16933E+1	+8.62345E-2
+8.18081E+1	+8.65891E-2
+8.21634E+1	+7.98085E-2
+8.21954E+1	+7.93866E-2
+8.22026E+1	+7.99124E-2
+8.25564E+1	+7.04905E-2
+8.26961E+1	+6.61800E-2
+8.27011E+1	+6.55930E-2
+8.28436E+1	+6.17839E-2
+8.31958E+1	+4.47925E-2
+8.32190E+1	+4.47253E-2
+8.32227E+1	+4.41628E-2
+8.35875E+1	+2.96599E-2
+8.36388E+1	+3.03508E-2
+8.36394E+1	+2.93970E-2
+8.39560E+1	+2.04030E-2
+8.40880E+1	+1.81225E-2
+8.40879E+1	+1.81530E-2
+8.42816E+1	+1.40382E-2
+8.45465E+1	+1.06326E-2
+8.45517E+1	+1.00640E-2
+8.45620E+1	+9.99670E-3
+8.49175E+1	+8.24804E-3
+8.49863E+1	+8.07073E-3
+8.49864E+1	+7.91176E-3
+8.52868E+1	+8.37644E-3
+8.54364E+1	+9.63596E-3
+8.54388E+1	+9.01843E-3
+8.55869E+1	+9.64819E-3
+8.58855E+1	+1.17576E-2
+8.58870E+1	+1.27848E-2
+8.59536E+1	+1.27297E-2
+8.62861E+1	+1.38058E-2
+8.63306E+1	+1.37692E-2
+8.63327E+1	+1.41115E-2
+8.65409E+1	+1.41421E-2
+8.67805E+1	+1.40687E-2
+8.67808E+1	+1.35307E-2
+8.67809E+1	+1.29865E-2
+8.70094E+1	+1.29499E-2
+8.72927E+1	+1.11095E-2
+8.73047E+1	+1.10973E-2
+8.74456E+1	+1.01190E-2
+8.77648E+1	+7.68554E-3
+8.77768E+1	+7.72833E-3
+8.78738E+1	+7.17194E-3
+8.82179E+1	+6.66447E-3
+8.82339E+1	+6.45047E-3
+8.82459E+1	+6.80509E-3
+8.85961E+1	+8.76163E-3
+8.86901E+1	+1.04858E-2
+8.86873E+1	+9.94778E-3
+8.86863E+1	+1.00884E-2
+8.88111E+1	+1.10728E-2
+8.90755E+1	+1.70769E-2
+8.91180E+1	+1.74560E-2
+8.91195E+1	+1.75722E-2
+8.93300E+1	+2.50987E-2
+8.95228E+1	+3.24541E-2
+8.95322E+1	+3.22523E-2
+8.96077E+1	+3.30655E-2
+8.99181E+1	+4.31234E-2
+8.99525E+1	+4.46030E-2
+8.99491E+1	+4.35697E-2
+9.01069E+1	+5.02219E-2
+9.03274E+1	+5.34747E-2
+9.03293E+1	+5.59937E-2
+9.03300E+1	+5.46180E-2
+9.07489E+1	+6.40278E-2
+9.07770E+1	+6.87663E-2
+9.07752E+1	+6.42540E-2
+9.11365E+1	+7.89219E-2
+9.12084E+1	+7.93805E-2
+9.12068E+1	+7.64151E-2
+9.15119E+1	+8.06400E-2
+9.16042E+1	+7.68737E-2
+9.16065E+1	+7.80660E-2
+9.18635E+1	+7.29667E-2
+9.20414E+1	+6.67914E-2
+9.20405E+1	+7.05272E-2
+9.22222E+1	+6.27988E-2
+9.23990E+1	+5.96072E-2
+9.24053E+1	+6.00108E-2
+9.25926E+1	+5.46486E-2
+9.28407E+1	+5.12002E-2
+9.28447E+1	+4.77640E-2
+9.31379E+1	+3.89780E-2
+9.33119E+1	+3.48509E-2
+9.33156E+1	+3.38176E-2
+9.35939E+1	+2.64561E-2
+9.36925E+1	+2.33623E-2
+9.36974E+1	+2.40226E-2
+9.39909E+1	+1.64655E-2
+9.40536E+1	+1.60314E-2
+9.40569E+1	+1.62515E-2
+9.43566E+1	+1.18799E-2
+9.44208E+1	+1.04247E-2
+9.44246E+1	+1.10055E-2
+9.46760E+1	+9.93556E-3
+9.48006E+1	+8.42535E-3
+9.47981E+1	+7.89953E-3
+9.49888E+1	+6.60944E-3
+9.51817E+1	+7.31257E-3
+9.51890E+1	+7.44708E-3
+9.54039E+1	+7.19640E-3
+9.56896E+1	+8.90837E-3
+9.56912E+1	+7.87507E-3
+9.56938E+1	+8.50484E-3
+9.59929E+1	+9.41585E-3
+9.60655E+1	+1.00089E-2
+9.60696E+1	+1.02107E-2
+9.63016E+1	+1.10483E-2
+9.64625E+1	+1.16903E-2
+9.64642E+1	+1.17943E-2
+9.66906E+1	+1.17331E-2
+9.68308E+1	+1.10911E-2
+9.68273E+1	+1.02902E-2
+9.70121E+1	+9.47088E-3
+9.72010E+1	+9.32414E-3
+9.72007E+1	+9.02454E-3
+9.73611E+1	+8.67603E-3
+9.76362E+1	+8.29084E-3
+9.76352E+1	+8.50484E-3
+9.77082E+1	+7.44097E-3
+9.79979E+1	+7.07412E-3
+9.80055E+1	+5.80848E-3
+9.80073E+1	+6.71949E-3
+9.83568E+1	+5.91853E-3
+9.84544E+1	+6.29761E-3
+9.84516E+1	+5.63728E-3
+9.87189E+1	+6.79286E-3
+9.87807E+1	+6.71338E-3
+9.87797E+1	+6.73784E-3
+9.89752E+1	+8.13187E-3
+9.91423E+1	+1.02413E-2
+9.91517E+1	+9.70933E-3
+9.93322E+1	+1.14580E-2
+9.95339E+1	+1.49064E-2
+9.95364E+1	+1.47291E-2
+9.98190E+1	+1.86972E-2
+1.00053E+2	+2.39921E-2
+1.00057E+2	+2.41144E-2
+1.00360E+2	+2.87978E-2
+1.00533E+2	+3.13169E-2
+1.00543E+2	+3.27415E-2
+1.00836E+2	+3.57986E-2
+1.01038E+2	+3.76389E-2
+1.01040E+2	+3.88618E-2
+1.01451E+2	+4.34291E-2
+1.01611E+2	+4.38204E-2
+1.01611E+2	+4.46213E-2
+1.01996E+2	+4.77151E-2
+1.02086E+2	+4.64189E-2
+1.02087E+2	+4.88218E-2
+1.02486E+2	+4.14175E-2
+1.02595E+2	+4.12830E-2
+1.02592E+2	+4.20534E-2
+1.02958E+2	+3.65323E-2
+1.03046E+2	+3.54501E-2
+1.03047E+2	+3.60737E-2
+1.03390E+2	+2.98189E-2
+1.03558E+2	+2.74955E-2
+1.03564E+2	+2.75933E-2
+1.03904E+2	+2.16809E-2
+1.04153E+2	+1.83854E-2
+1.04154E+2	+1.75233E-2
+1.04413E+2	+1.44050E-2
+1.04687E+2	+1.03513E-2
+1.04686E+2	+1.18738E-2
+1.04984E+2	+8.87169E-3
+1.05282E+2	+7.09857E-3
+1.05282E+2	+7.36760E-3
+1.05440E+2	+7.37371E-3
+1.05795E+2	+5.42940E-3
+1.05806E+2	+6.39544E-3
+1.05956E+2	+6.75006E-3
+1.06259E+2	+6.47493E-3
+1.06262E+2	+6.52384E-3
+1.06541E+2	+7.16583E-3
+1.06764E+2	+6.81121E-3
+1.06765E+2	+6.79286E-3
+1.07152E+2	+7.45931E-3
+1.07295E+2	+8.33975E-3
+1.07297E+2	+8.30918E-3
+1.07642E+2	+7.77725E-3
+1.07818E+2	+6.78675E-3
+1.07819E+2	+6.70726E-3
+1.08132E+2	+5.87574E-3
+1.08282E+2	+5.40494E-3
+1.08277E+2	+5.71677E-3
+1.08723E+2	+5.12369E-3
+1.08855E+2	+5.22152E-3
+1.08856E+2	+5.81459E-3
+1.09160E+2	+5.84516E-3
+1.09299E+2	+5.11758E-3
+1.09300E+2	+4.50004E-3
+1.09537E+2	+6.42601E-3
+1.09742E+2	+6.56052E-3
+1.09747E+2	+6.49938E-3
+1.09942E+2	+7.78336E-3
+1.10226E+2	+8.47427E-3
+1.10227E+2	+9.37305E-3
+1.10483E+2	+1.11584E-2
+1.10744E+2	+1.38976E-2
+1.10753E+2	+1.41605E-2
+1.11054E+2	+1.61904E-2
+1.11206E+2	+1.76517E-2
+1.11200E+2	+1.72114E-2
+1.11444E+2	+1.82509E-2
+1.11546E+2	+1.95409E-2
+1.11547E+2	+1.91680E-2
+1.11847E+2	+1.90579E-2
+1.12064E+2	+2.11795E-2
+1.12064E+2	+2.07882E-2
+1.12340E+2	+2.24085E-2
+1.12454E+2	+2.36069E-2
+1.12450E+2	+2.28732E-2
+1.12823E+2	+2.25675E-2
+1.12882E+2	+2.17665E-2
+1.12904E+2	+2.25614E-2
+1.13185E+2	+1.96632E-2
+1.13198E+2	+2.02135E-2
+1.13204E+2	+2.01707E-2
+1.13607E+2	+1.75905E-2
+1.13629E+2	+1.64411E-2
+1.13672E+2	+1.68446E-2
+1.14015E+2	+1.35062E-2
+1.14030E+2	+1.48514E-2
+1.14161E+2	+1.33656E-2
+1.14474E+2	+1.12684E-2
+1.14482E+2	+1.05286E-2
+1.14676E+2	+9.72767E-3
+1.15011E+2	+7.46542E-3
+1.15051E+2	+8.19913E-3
+1.15198E+2	+6.68281E-3
+1.15421E+2	+6.45658E-3
+1.15422E+2	+5.73511E-3
+1.15671E+2	+5.80848E-3
+1.15945E+2	+4.99529E-3
+1.15945E+2	+4.75684E-3
+1.16228E+2	+4.61010E-3
+1.16398E+2	+4.91581E-3
+1.16401E+2	+5.14815E-3
+1.16636E+2	+5.66785E-3
+1.16852E+2	+4.61010E-3
+1.16852E+2	+5.34380E-3
+1.17024E+2	+4.96472E-3
+1.17233E+2	+5.20929E-3
+1.17239E+2	+5.22763E-3
+1.17428E+2	+5.17872E-3
+1.17757E+2	+5.31934E-3
+1.17764E+2	+5.73511E-3
+1.17852E+2	+5.16649E-3
+1.18196E+2	+4.98306E-3
+1.18198E+2	+5.01975E-3
+1.18306E+2	+5.13592E-3
+1.18648E+2	+4.73238E-3
+1.18645E+2	+5.20929E-3
+1.18808E+2	+4.34719E-3
+1.19089E+2	+4.42667E-3
+1.19093E+2	+4.35330E-3
+1.19277E+2	+4.95249E-3
+1.19533E+2	+5.07478E-3
+1.19528E+2	+4.51227E-3
+1.19718E+2	+5.01975E-3
+1.19973E+2	+5.50277E-3
+1.19977E+2	+5.53945E-3
+1.20125E+2	+5.06255E-3
+1.20327E+2	+5.57003E-3
+1.20347E+2	+4.67124E-3
+1.20525E+2	+6.30373E-3
+1.20790E+2	+6.55441E-3
+1.20792E+2	+6.66447E-3
+1.20987E+2	+7.11080E-3
+1.21244E+2	+7.76502E-3
+1.21242E+2	+7.69776E-3
+1.21406E+2	+8.73106E-3
+1.21617E+2	+9.17740E-3
+1.21621E+2	+9.15294E-3
+1.21898E+2	+8.50484E-3
+1.21990E+2	+9.59316E-3
+1.21990E+2	+8.76775E-3
+1.22341E+2	+9.71545E-3
+1.22441E+2	+9.47699E-3
+1.22443E+2	+8.88392E-3
+1.22831E+2	+9.46476E-3
+1.22885E+2	+9.04288E-3
+1.22959E+2	+9.29357E-3
+1.23350E+2	+8.76775E-3
+1.23399E+2	+8.41924E-3
+1.23539E+2	+8.08907E-3
+1.23915E+2	+8.13187E-3
+1.23920E+2	+8.07684E-3
+1.24043E+2	+7.40428E-3
+1.24507E+2	+6.98240E-3
+1.24511E+2	+6.10196E-3
+1.24516E+2	+6.38933E-3
+1.24977E+2	+5.41717E-3
+1.25106E+2	+5.49054E-3
+1.25109E+2	+6.10807E-3
+1.25536E+2	+5.76568E-3
+1.25703E+2	+5.16038E-3
+1.25704E+2	+4.99529E-3
+1.26012E+2	+5.41106E-3
+1.26309E+2	+4.27993E-3
+1.26317E+2	+4.59176E-3
+1.26485E+2	+5.19095E-3
+1.26931E+2	+4.93415E-3
+1.26985E+2	+5.05643E-3
+1.27007E+2	+4.59787E-3
+1.27538E+2	+4.90358E-3
+1.27600E+2	+4.39610E-3
+1.27603E+2	+4.68347E-3
+1.28043E+2	+4.37776E-3
+1.28214E+2	+5.02586E-3
+1.28218E+2	+4.64678E-3
+1.28509E+2	+4.34107E-3
+1.28848E+2	+4.34719E-3
+1.28849E+2	+5.12980E-3
+1.28958E+2	+4.95861E-3
+1.29292E+2	+4.39610E-3
+1.29308E+2	+4.50616E-3
+1.29311E+2	+4.17599E-3
+1.29665E+2	+4.60398E-3
+1.29771E+2	+3.59514E-3
+1.29777E+2	+4.77518E-3
+1.30079E+2	+4.09651E-3
+1.30290E+2	+4.43279E-3
+1.30299E+2	+5.19095E-3
+1.30516E+2	+4.87301E-3
+1.30786E+2	+3.49120E-3
+1.30785E+2	+4.68347E-3
+1.30912E+2	+4.38387E-3
+1.31249E+2	+4.13319E-3
+1.31255E+2	+4.33496E-3
+1.31459E+2	+4.57953E-3
+1.31759E+2	+4.70181E-3
+1.31759E+2	+4.42667E-3
+1.31993E+2	+4.01702E-3
+1.32143E+2	+4.27993E-3
+1.32152E+2	+4.15153E-3
+1.32560E+2	+5.18483E-3
+1.32688E+2	+4.49393E-3
+1.32693E+2	+4.45113E-3
+1.33100E+2	+4.58564E-3
+1.33211E+2	+4.99529E-3
+1.33212E+2	+4.66513E-3
+1.33598E+2	+5.14203E-3
+1.33705E+2	+4.45113E-3
+1.33708E+2	+4.67124E-3
+1.34143E+2	+4.73850E-3
+1.34302E+2	+4.54896E-3
+1.34303E+2	+5.25820E-3
+1.34716E+2	+5.30712E-3
+1.34872E+2	+4.12096E-3
+1.34895E+2	+4.60398E-3
+1.35299E+2	+4.08428E-3
+1.35445E+2	+4.48170E-3
+1.35445E+2	+4.72015E-3
+1.35717E+2	+4.78741E-3
+1.36030E+2	+3.60737E-3
+1.36036E+2	+4.35330E-3
+1.36335E+2	+3.74188E-3
+1.36630E+2	+4.23713E-3
+1.36629E+2	+3.92531E-3
+1.36850E+2	+3.99257E-3
+1.37128E+2	+3.30778E-3
+1.37132E+2	+3.57069E-3
+1.37163E+2	+3.82137E-3
+1.37700E+2	+3.41172E-3
+1.37748E+2	+4.59176E-3
+1.37747E+2	+3.54012E-3
+1.38240E+2	+3.88862E-3
+1.38329E+2	+3.61960E-3
+1.38329E+2	+4.15153E-3
+1.38768E+2	+3.68074E-3
+1.38848E+2	+3.63183E-3
+1.38849E+2	+4.28605E-3
+1.39214E+2	+3.20995E-3
+1.39360E+2	+4.07816E-3
+1.39359E+2	+4.13931E-3
+1.39719E+2	+3.56457E-3
+1.39888E+2	+3.90697E-3
+1.39892E+2	+3.57069E-3
+1.39943E+2	+4.00479E-3
+1.40483E+2	+4.05982E-3
+1.40505E+2	+3.65017E-3
+1.40506E+2	+4.12708E-3
+1.40946E+2	+4.53673E-3
+1.41077E+2	+4.20045E-3
+1.41077E+2	+4.23102E-3
+1.41397E+2	+3.91308E-3
+1.41519E+2	+5.41717E-3
+1.41520E+2	+4.27993E-3
+1.41878E+2	+5.00752E-3
+1.42073E+2	+4.41444E-3
+1.42077E+2	+3.45452E-3
+1.42498E+2	+5.06866E-3
+1.42716E+2	+4.36553E-3
+1.42717E+2	+3.83971E-3
+1.42981E+2	+4.11485E-3
+1.43243E+2	+4.26159E-3
+1.43242E+2	+4.10873E-3
+1.43454E+2	+3.43006E-3
+1.43739E+2	+3.80914E-3
+1.43748E+2	+3.24052E-3
+1.43991E+2	+3.82748E-3
+1.44246E+2	+4.21268E-3
+1.44248E+2	+4.45724E-3
+1.44498E+2	+4.76295E-3
+1.44834E+2	+4.20656E-3
+1.44841E+2	+5.33157E-3
+1.44959E+2	+3.91308E-3
+1.45423E+2	+3.94365E-3
+1.45424E+2	+4.96472E-3
+1.45427E+2	+4.69570E-3
+1.45497E+2	+4.95861E-3
+1.45795E+2	+4.42667E-3
+1.45819E+2	+3.76634E-3
+1.45936E+2	+4.46947E-3
+1.46338E+2	+4.45113E-3
+1.46340E+2	+4.45724E-3
+1.46559E+2	+4.12708E-3
+1.46983E+2	+4.51839E-3
+1.46988E+2	+4.61621E-3
+1.47174E+2	+4.36553E-3
+1.47731E+2	+4.65290E-3
+1.47735E+2	+4.15153E-3
+1.48005E+2	+3.68686E-3
+1.48469E+2	+3.90085E-3
+1.48469E+2	+2.66579E-3
+1.48829E+2	+4.32273E-3
+1.49171E+2	+4.00479E-3
+1.49175E+2	+4.23713E-3
+1.49684E+2	+4.20656E-3
+1.49894E+2	+4.64678E-3
+1.49897E+2	+4.51227E-3
+1.50357E+2	+4.51227E-3
+1.50506E+2	+4.02925E-3
+1.50517E+2	+4.21879E-3
+1.51048E+2	+4.90358E-3
+1.51186E+2	+4.37776E-3
+1.51208E+2	+3.83360E-3
+1.51822E+2	+3.88862E-3
+1.51891E+2	+3.93754E-3
+1.51956E+2	+3.80303E-3
+1.52423E+2	+3.47897E-3
+1.52438E+2	+3.42395E-3
+1.52622E+2	+4.94026E-3
+1.53082E+2	+3.68686E-3
+1.53089E+2	+3.74188E-3
+1.53376E+2	+3.99868E-3
+1.53670E+2	+3.82137E-3
+1.53676E+2	+3.72966E-3
+1.54086E+2	+3.82137E-3
+1.54257E+2	+4.17599E-3
+1.54256E+2	+4.24936E-3
+1.54797E+2	+5.11758E-3
+1.54861E+2	+4.07816E-3
+1.54973E+2	+5.25209E-3
+1.55432E+2	+4.72015E-3
+1.55483E+2	+4.50616E-3
+1.55541E+2	+4.52450E-3
+1.55990E+2	+4.65290E-3
+1.56030E+2	+3.33223E-3
+1.56225E+2	+4.46947E-3
+1.56615E+2	+4.04759E-3
+1.56622E+2	+4.15153E-3
+1.56931E+2	+4.20656E-3
+1.57204E+2	+4.81187E-3
+1.57209E+2	+4.87912E-3
+1.57629E+2	+4.11485E-3
+1.57755E+2	+3.30166E-3
+1.57941E+2	+3.10601E-3
+1.58491E+2	+4.33496E-3
+1.58530E+2	+2.87367E-3
+1.58726E+2	+4.26770E-3
+1.59233E+2	+3.98034E-3
+1.59239E+2	+3.88862E-3
+1.59546E+2	+4.50616E-3
+1.59963E+2	+4.02925E-3
+1.59952E+2	+3.73577E-3
+1.60412E+2	+3.85194E-3
+1.60569E+2	+2.80030E-3
+1.60691E+2	+3.54012E-3
+1.61273E+2	+3.70520E-3
+1.61313E+2	+4.59176E-3
+1.61444E+2	+2.71470E-3
+1.62050E+2	+4.20045E-3
+1.62061E+2	+4.10262E-3
+1.62193E+2	+3.74188E-3
+1.62800E+2	+4.30439E-3
+1.62822E+2	+3.16715E-3
+1.62897E+2	+3.49120E-3
+1.63536E+2	+3.87028E-3
+1.63614E+2	+3.42395E-3
+1.63719E+2	+4.37164E-3
+1.64183E+2	+4.72627E-3
+1.64202E+2	+3.44840E-3
+1.64490E+2	+3.38726E-3
+1.64753E+2	+2.68413E-3
+1.64770E+2	+3.96811E-3
+1.65269E+2	+4.27382E-3
+1.65507E+2	+4.50004E-3
+1.65501E+2	+3.25275E-3
+1.66020E+2	+2.64133E-3
+1.66202E+2	+4.20656E-3
+1.66195E+2	+4.09039E-3
+1.66597E+2	+3.50954E-3
+1.66823E+2	+3.73577E-3
+1.66816E+2	+3.44229E-3
+1.67284E+2	+3.16715E-3
+1.67459E+2	+3.54623E-3
+1.67459E+2	+4.07816E-3
+1.67853E+2	+3.95588E-3
+1.68121E+2	+3.55234E-3
+1.68119E+2	+4.10873E-3
+1.68709E+2	+4.80575E-3
+1.68862E+2	+4.37164E-3
+1.68857E+2	+4.23102E-3
+1.69269E+2	+4.67735E-3
+1.69450E+2	+3.60126E-3
+1.69464E+2	+4.90358E-3
+1.69988E+2	+4.53673E-3
+1.70032E+2	+4.59176E-3
+1.70035E+2	+4.48170E-3
+1.70658E+2	+4.31662E-3
+1.70693E+2	+4.90358E-3
+1.70698E+2	+4.39610E-3
+1.71174E+2	+4.26770E-3
+1.71292E+2	+4.67124E-3
+1.71292E+2	+4.43279E-3
+1.71742E+2	+4.37164E-3
+1.71835E+2	+3.69908E-3
+1.71853E+2	+3.99868E-3
+1.72335E+2	+4.04148E-3
+1.72401E+2	+4.99529E-3
+1.72445E+2	+4.29827E-3
+1.72918E+2	+4.40222E-3
+1.72933E+2	+4.33496E-3
+1.73022E+2	+4.61010E-3
+1.73418E+2	+5.33157E-3
+1.73424E+2	+3.87028E-3
+1.73470E+2	+4.79352E-3
+1.73997E+2	+4.46336E-3
+1.74025E+2	+4.73850E-3
+1.74031E+2	+5.53334E-3
+1.74514E+2	+4.08428E-3
+1.74573E+2	+3.99868E-3
+1.74574E+2	+3.66240E-3
+1.74666E+2	+4.59176E-3
+1.74669E+2	+4.17599E-3
+1.74666E+2	+3.25886E-3
+1.74667E+2	+3.38726E-3
+1.74671E+2	+4.24936E-3
+1.74670E+2	+3.61960E-3
+1.74672E+2	+4.27993E-3
+1.74670E+2	+3.74800E-3
+1.74673E+2	+3.71131E-3
+1.74667E+2	+4.41444E-3
+1.74671E+2	+4.01091E-3
+1.74665E+2	+4.05982E-3
+1.74673E+2	+4.84855E-3
+1.74675E+2	+4.30439E-3
+1.74676E+2	+4.58564E-3
+1.74674E+2	+5.97356E-3
+1.74671E+2	+7.06189E-3
+1.74672E+2	+8.11964E-3
+1.74673E+2	+8.24193E-3
+1.74674E+2	+9.99670E-3
+1.74676E+2	+9.22020E-3
+1.74674E+2	+1.02168E-2
+1.74669E+2	+1.03819E-2
+1.74674E+2	+1.18860E-2
+1.74671E+2	+1.14702E-2
+1.74667E+2	+1.24546E-2
+1.74677E+2	+1.27848E-2
+1.74677E+2	+1.34268E-2
+1.74679E+2	+1.34268E-2
+1.74677E+2	+1.31883E-2
+1.74679E+2	+1.43622E-2
