-2.41475E-3	+1.08771E-2
-5.14911E-3	+1.04553E-2
-3.05395E-3	+1.09689E-2
-4.22582E-3	+1.08771E-2
-2.16618E-3	+1.15742E-2
-4.97155E-3	+1.15497E-2
-2.45027E-3	+1.03819E-2
-3.33804E-3	+9.87441E-3
-1.93535E-3	+8.46204E-3
-1.06533E-3	+7.47765E-3
-2.69884E-3	+7.50211E-3
-2.68109E-3	+6.51773E-3
-4.42113E-3	+6.52995E-3
-2.30822E-3	+6.76229E-3
-1.95311E-3	+6.68281E-3
-2.55680E-3	+7.08634E-3
-1.36718E-3	+7.39205E-3
-1.68678E-3	+6.53607E-3
-3.74642E-3	+6.40767E-3
-2.89415E-3	+6.97629E-3
-1.31391E-3	+6.48104E-3
-2.46802E-3	+6.65835E-3
-4.08378E-3	+6.43824E-3
-2.59231E-3	+6.37710E-3
-4.08378E-3	+6.93960E-3
-3.88847E-3	+7.53268E-3
-1.72229E-3	+6.78064E-3
-2.50353E-3	+7.15360E-3
-1.82882E-3	+6.69504E-3
-2.98293E-3	+6.26704E-3
-2.52129E-3	+7.14137E-3
-1.56249E-3	+6.65224E-3
-1.74004E-3	+6.94572E-3
-3.67540E-3	+6.52995E-3
-2.43251E-3	+6.79898E-3
-3.60438E-3	+6.65224E-3
-1.63351E-3	+7.20251E-3
-1.54473E-3	+6.30984E-3
-2.23720E-3	+6.87235E-3
-1.34942E-3	+7.04355E-3
-2.45027E-3	+6.43213E-3
-4.54542E-3	+7.03132E-3
-1.97087E-3	+6.98240E-3
+1.79331E-3	+7.12914E-3
+6.74711E-3	+7.44097E-3
+2.40765E-1	+6.62778E-3
+3.48772E-1	+7.45320E-3
+3.52199E-1	+6.63389E-3
+6.65105E-1	+7.34925E-3
+6.67236E-1	+6.73172E-3
+1.04690E+0	+6.58498E-3
+1.05740E+0	+7.08634E-3
+1.22501E+0	+6.75006E-3
+1.52197E+0	+6.79286E-3
+1.52328E+0	+6.71338E-3
+1.90613E+0	+6.85401E-3
+1.91662E+0	+6.82343E-3
+2.17447E+0	+6.71949E-3
+2.30048E+0	+6.74395E-3
+2.44185E+0	+6.74395E-3
+2.65002E+0	+6.46270E-3
+2.66861E+0	+6.85401E-3
+2.98918E+0	+6.62778E-3
+2.99236E+0	+6.46881E-3
+3.36507E+0	+6.64001E-3
+3.39170E+0	+6.64001E-3
+3.63067E+0	+7.09246E-3
+3.77073E+0	+6.70115E-3
+3.82961E+0	+6.32207E-3
+4.08853E+0	+6.86012E-3
+4.11247E+0	+7.00075E-3
+4.56170E+0	+6.58498E-3
+4.56799E+0	+6.97017E-3
+5.00882E+0	+6.64612E-3
+5.00856E+0	+6.36487E-3
+5.38938E+0	+6.55441E-3
+5.46304E+0	+6.56664E-3
+5.73744E+0	+6.42601E-3
+5.92916E+0	+6.70726E-3
+5.99782E+0	+6.46270E-3
+6.38392E+0	+6.78064E-3
+6.38371E+0	+6.45047E-3
+6.73734E+0	+7.19640E-3
+6.76486E+0	+6.68892E-3
+7.17061E+0	+6.97017E-3
+7.22289E+0	+7.22697E-3
+7.43842E+0	+7.37371E-3
+7.68229E+0	+6.74395E-3
+7.68451E+0	+6.59721E-3
+8.06418E+0	+6.71949E-3
+8.06111E+0	+6.81732E-3
+8.45819E+0	+6.89680E-3
+8.52121E+0	+7.83839E-3
+8.91645E+0	+6.81121E-3
+8.98479E+0	+6.90292E-3
+9.19872E+0	+7.17194E-3
+9.44080E+0	+7.21474E-3
+9.49398E+0	+7.11080E-3
+9.91250E+0	+7.29423E-3
+9.91259E+0	+6.61555E-3
+1.02921E+1	+6.81732E-3
+1.03224E+1	+6.65224E-3
+1.06080E+1	+6.43824E-3
+1.07435E+1	+6.79898E-3
+1.08640E+1	+6.73784E-3
+1.11647E+1	+6.51773E-3
+1.11693E+1	+6.82955E-3
+1.15216E+1	+6.59721E-3
+1.15783E+1	+6.86012E-3
+1.18266E+1	+6.59721E-3
+1.18811E+1	+6.96406E-3
+1.21474E+1	+7.03132E-3
+1.22637E+1	+7.42874E-3
+1.24932E+1	+7.25754E-3
+1.27102E+1	+7.06189E-3
+1.27434E+1	+6.99463E-3
+1.30919E+1	+7.34925E-3
+1.30936E+1	+7.36760E-3
+1.34572E+1	+7.36148E-3
+1.34594E+1	+6.78064E-3
+1.37384E+1	+6.90903E-3
+1.38388E+1	+6.81732E-3
+1.39155E+1	+6.54218E-3
+1.41687E+1	+6.90292E-3
+1.41732E+1	+6.65224E-3
+1.45380E+1	+7.24531E-3
+1.45417E+1	+6.61555E-3
+1.48126E+1	+6.80509E-3
+1.49156E+1	+7.25754E-3
+1.49882E+1	+7.41040E-3
+1.52640E+1	+6.73172E-3
+1.52587E+1	+6.98240E-3
+1.56021E+1	+7.06800E-3
+1.56041E+1	+6.84178E-3
+1.58898E+1	+7.39205E-3
+1.59825E+1	+6.71338E-3
+1.60904E+1	+7.19640E-3
+1.62845E+1	+7.17806E-3
+1.62923E+1	+7.56325E-3
+1.66610E+1	+6.48104E-3
+1.66598E+1	+6.41990E-3
+1.70038E+1	+7.00686E-3
+1.70631E+1	+7.33703E-3
+1.72563E+1	+6.76841E-3
+1.74321E+1	+7.04966E-3
+1.74545E+1	+7.01909E-3
+1.78079E+1	+6.44435E-3
+1.78070E+1	+6.62167E-3
+1.80589E+1	+6.78675E-3
+1.81124E+1	+6.93349E-3
+1.83119E+1	+6.75618E-3
+1.84172E+1	+6.57887E-3
+1.85281E+1	+7.08023E-3
+1.87981E+1	+7.08023E-3
+1.87993E+1	+7.08023E-3
+1.91081E+1	+7.15360E-3
+1.91165E+1	+6.76841E-3
+1.93480E+1	+7.17194E-3
+1.94829E+1	+6.90903E-3
+1.95756E+1	+6.45047E-3
+1.98021E+1	+7.38594E-3
+1.98046E+1	+6.89069E-3
+2.01841E+1	+7.37983E-3
+2.01896E+1	+6.71338E-3
+2.04684E+1	+6.62778E-3
+2.05276E+1	+7.50822E-3
+2.06946E+1	+7.01909E-3
+2.08589E+1	+7.22697E-3
+2.08641E+1	+6.90292E-3
+2.11053E+1	+7.16583E-3
+2.11061E+1	+6.90903E-3
+2.14069E+1	+6.47493E-3
+2.14344E+1	+7.03132E-3
+2.16410E+1	+6.97629E-3
+2.18084E+1	+6.56664E-3
+2.18152E+1	+6.51773E-3
+2.21661E+1	+7.22086E-3
+2.21884E+1	+6.85401E-3
+2.24600E+1	+6.80509E-3
+2.25617E+1	+7.36760E-3
+2.27107E+1	+7.05577E-3
+2.28822E+1	+7.51434E-3
+2.28872E+1	+7.14137E-3
+2.32513E+1	+6.94572E-3
+2.32619E+1	+7.36760E-3
+2.35269E+1	+6.69504E-3
+2.35929E+1	+6.65835E-3
+2.37616E+1	+7.06800E-3
+2.40408E+1	+6.97629E-3
+2.40413E+1	+7.29423E-3
+2.43533E+1	+6.73784E-3
+2.43667E+1	+7.01297E-3
+2.46202E+1	+7.45320E-3
+2.47350E+1	+6.98852E-3
+2.48011E+1	+7.01297E-3
+2.50983E+1	+6.71949E-3
+2.51234E+1	+6.59721E-3
+2.54304E+1	+7.00075E-3
+2.54429E+1	+7.06189E-3
+2.56773E+1	+6.84178E-3
+2.57787E+1	+6.99463E-3
+2.59111E+1	+7.02520E-3
+2.60778E+1	+7.23920E-3
+2.61305E+1	+7.15360E-3
+2.64474E+1	+6.83566E-3
+2.64458E+1	+7.64274E-3
+2.67062E+1	+6.89680E-3
+2.67529E+1	+7.44097E-3
+2.69841E+1	+6.93960E-3
+2.70197E+1	+7.22697E-3
+2.72207E+1	+6.84178E-3
+2.73099E+1	+6.88458E-3
+2.74055E+1	+6.57275E-3
+2.75572E+1	+7.11080E-3
+2.75575E+1	+7.45320E-3
+2.78399E+1	+7.17806E-3
+2.78410E+1	+7.39817E-3
+2.80583E+1	+7.69165E-3
+2.81369E+1	+7.52657E-3
+2.82221E+1	+6.79898E-3
+2.83864E+1	+7.12914E-3
+2.83978E+1	+6.96406E-3
+2.86940E+1	+7.41040E-3
+2.86974E+1	+7.23920E-3
+2.89721E+1	+7.50211E-3
+2.90053E+1	+7.61216E-3
+2.91410E+1	+6.98852E-3
+2.93018E+1	+6.93349E-3
+2.93675E+1	+7.40428E-3
+2.96099E+1	+6.86012E-3
+2.96093E+1	+6.57887E-3
+2.99030E+1	+6.93960E-3
+2.99105E+1	+7.33703E-3
+3.01658E+1	+7.01297E-3
+3.02198E+1	+6.71338E-3
+3.04001E+1	+6.76841E-3
+3.05110E+1	+7.24531E-3
+3.06746E+1	+7.33703E-3
+3.08389E+1	+6.65835E-3
+3.09466E+1	+7.25754E-3
+3.10713E+1	+6.51161E-3
+3.11228E+1	+7.45320E-3
+3.14634E+1	+7.62439E-3
+3.14882E+1	+7.11080E-3
+3.17545E+1	+6.54830E-3
+3.18427E+1	+6.90292E-3
+3.20313E+1	+6.88458E-3
+3.22240E+1	+7.50211E-3
+3.22452E+1	+6.97629E-3
+3.25995E+1	+7.53268E-3
+3.26019E+1	+7.20251E-3
+3.28950E+1	+7.27588E-3
+3.29961E+1	+6.67669E-3
+3.32438E+1	+7.19029E-3
+3.33004E+1	+6.86623E-3
+3.33992E+1	+7.63051E-3
+3.36042E+1	+7.42874E-3
+3.36097E+1	+7.26977E-3
+3.39853E+1	+7.00075E-3
+3.39899E+1	+7.04966E-3
+3.42549E+1	+6.73172E-3
+3.43626E+1	+7.25754E-3
+3.45098E+1	+7.21474E-3
+3.46784E+1	+6.75006E-3
+3.47196E+1	+7.21474E-3
+3.50399E+1	+7.35537E-3
+3.50630E+1	+7.17194E-3
+3.54429E+1	+7.36148E-3
+3.54451E+1	+7.30034E-3
+3.58250E+1	+7.31257E-3
+3.58985E+1	+7.26366E-3
+3.60955E+1	+6.73172E-3
+3.62013E+1	+7.30034E-3
+3.63372E+1	+7.39205E-3
+3.65120E+1	+7.07412E-3
+3.65122E+1	+7.39205E-3
+3.68207E+1	+7.37371E-3
+3.68216E+1	+7.30034E-3
+3.70542E+1	+6.93349E-3
+3.70707E+1	+6.57887E-3
+3.73381E+1	+6.92738E-3
+3.74416E+1	+7.07412E-3
+3.76312E+1	+7.28811E-3
+3.77656E+1	+7.23920E-3
+3.77610E+1	+7.09246E-3
+3.77660E+1	+7.08634E-3
+3.79224E+1	+6.73784E-3
+3.80744E+1	+6.86012E-3
+3.80774E+1	+7.22086E-3
+3.83759E+1	+6.55441E-3
+3.84000E+1	+7.41651E-3
+3.85486E+1	+7.03132E-3
+3.87700E+1	+7.18417E-3
+3.87752E+1	+6.96406E-3
+3.90415E+1	+7.48377E-3
+3.91229E+1	+6.85401E-3
+3.91281E+1	+7.47154E-3
+3.94503E+1	+7.10469E-3
+3.94561E+1	+7.03132E-3
+3.96251E+1	+7.14137E-3
+3.98303E+1	+7.41040E-3
+3.98302E+1	+7.22697E-3
+3.98351E+1	+6.40156E-3
+3.98344E+1	+7.68554E-3
+4.01536E+1	+7.62439E-3
+4.01688E+1	+7.50822E-3
+4.03187E+1	+7.24531E-3
+4.05200E+1	+7.10469E-3
+4.05227E+1	+7.48988E-3
+4.09078E+1	+7.34314E-3
+4.09176E+1	+7.08023E-3
+4.13096E+1	+6.78675E-3
+4.13630E+1	+6.77452E-3
+4.15347E+1	+7.63051E-3
+4.17570E+1	+6.97017E-3
+4.17556E+1	+7.69165E-3
+4.21319E+1	+7.55102E-3
+4.21357E+1	+7.21474E-3
+4.24910E+1	+7.14749E-3
+4.25258E+1	+7.17194E-3
+4.27751E+1	+7.16583E-3
+4.28870E+1	+6.87235E-3
+4.30632E+1	+6.37710E-3
+4.32791E+1	+6.52384E-3
+4.33317E+1	+6.73784E-3
+4.36533E+1	+6.97629E-3
+4.36607E+1	+6.84789E-3
+4.38882E+1	+6.95183E-3
+4.39705E+1	+7.42262E-3
+4.40193E+1	+6.81732E-3
+4.43499E+1	+7.71611E-3
+4.43562E+1	+7.46542E-3
+4.46116E+1	+7.55714E-3
+4.47458E+1	+7.18417E-3
+4.47718E+1	+7.05577E-3
+4.51131E+1	+7.20251E-3
+4.51117E+1	+7.41040E-3
+4.53376E+1	+7.33091E-3
+4.54928E+1	+7.37983E-3
+4.55109E+1	+7.25143E-3
+4.59435E+1	+6.70726E-3
+4.59470E+1	+6.66447E-3
+4.61430E+1	+7.01297E-3
+4.64099E+1	+7.30034E-3
+4.64087E+1	+7.33091E-3
+4.67788E+1	+6.86012E-3
+4.68621E+1	+6.57887E-3
+4.69855E+1	+7.18417E-3
+4.72968E+1	+7.37983E-3
+4.73064E+1	+7.14749E-3
+4.75766E+1	+7.35537E-3
+4.76632E+1	+7.34314E-3
+4.76714E+1	+7.06189E-3
+4.80554E+1	+7.28811E-3
+4.80867E+1	+7.34925E-3
+4.81109E+1	+6.58498E-3
+4.84581E+1	+7.05577E-3
+4.84540E+1	+6.84178E-3
+4.86821E+1	+6.86012E-3
+4.87806E+1	+7.46542E-3
+4.87811E+1	+7.59994E-3
+4.91513E+1	+7.20251E-3
+4.91580E+1	+7.39205E-3
+4.92511E+1	+7.12914E-3
+4.95337E+1	+6.96406E-3
+4.95393E+1	+6.82343E-3
+4.97482E+1	+6.50550E-3
+4.99832E+1	+6.79286E-3
+4.99896E+1	+7.53879E-3
+5.02547E+1	+6.98240E-3
+5.03772E+1	+6.71949E-3
+5.03798E+1	+7.58159E-3
+5.07339E+1	+7.57548E-3
+5.07453E+1	+7.20863E-3
+5.07554E+1	+7.13526E-3
+5.11658E+1	+6.58498E-3
+5.11784E+1	+6.81732E-3
+5.12079E+1	+7.15360E-3
+5.15109E+1	+7.14749E-3
+5.15104E+1	+6.48104E-3
+5.17869E+1	+7.08634E-3
+5.18892E+1	+6.73784E-3
+5.18980E+1	+7.35537E-3
+5.21704E+1	+7.16583E-3
+5.21739E+1	+7.22697E-3
+5.23092E+1	+6.51773E-3
+5.23908E+1	+7.42262E-3
+5.23976E+1	+7.08634E-3
+5.26578E+1	+7.10469E-3
+5.26776E+1	+6.72561E-3
+5.27828E+1	+6.56052E-3
+5.29236E+1	+7.13526E-3
+5.29418E+1	+7.30646E-3
+5.31063E+1	+7.31257E-3
+5.32055E+1	+7.13526E-3
+5.32182E+1	+7.23309E-3
+5.35223E+1	+7.30034E-3
+5.35336E+1	+7.55714E-3
+5.36334E+1	+7.26977E-3
+5.39111E+1	+7.22086E-3
+5.39400E+1	+7.09857E-3
+5.40410E+1	+7.04966E-3
+5.42933E+1	+6.84789E-3
+5.43051E+1	+6.82343E-3
+5.45000E+1	+6.28539E-3
+5.46172E+1	+6.87846E-3
+5.46891E+1	+6.84178E-3
+5.50269E+1	+6.77452E-3
+5.50414E+1	+7.20251E-3
+5.52098E+1	+6.83566E-3
+5.53968E+1	+6.78675E-3
+5.54130E+1	+7.11692E-3
+5.55645E+1	+7.96067E-3
+5.56758E+1	+6.92126E-3
+5.57322E+1	+6.97017E-3
+5.57281E+1	+6.81732E-3
+5.57639E+1	+6.77452E-3
+5.59761E+1	+7.77113E-3
+5.59769E+1	+7.78948E-3
+5.61046E+1	+7.79559E-3
+5.62741E+1	+7.55102E-3
+5.62743E+1	+7.14137E-3
+5.64990E+1	+7.11080E-3
+5.65692E+1	+7.20251E-3
+5.66559E+1	+7.35537E-3
+5.68053E+1	+7.26366E-3
+5.68065E+1	+7.09246E-3
+5.70466E+1	+7.68554E-3
+5.70638E+1	+7.28811E-3
+5.72611E+1	+7.41040E-3
+5.73309E+1	+7.26366E-3
+5.74027E+1	+6.98852E-3
+5.75127E+1	+7.64274E-3
+5.76311E+1	+7.05577E-3
+5.77791E+1	+6.30373E-3
+5.78200E+1	+6.70115E-3
+5.80003E+1	+7.23920E-3
+5.80052E+1	+7.80782E-3
+5.82066E+1	+7.06189E-3
+5.82271E+1	+7.93010E-3
+5.84089E+1	+7.46542E-3
+5.84498E+1	+8.15633E-3
+5.85978E+1	+6.95795E-3
+5.86774E+1	+7.02520E-3
+5.87506E+1	+7.52045E-3
+5.88338E+1	+7.48377E-3
+5.88325E+1	+6.90292E-3
+5.89713E+1	+6.98852E-3
+5.89763E+1	+6.59721E-3
+5.90768E+1	+7.18417E-3
+5.90986E+1	+7.23920E-3
+5.91979E+1	+7.07412E-3
+5.92747E+1	+7.25754E-3
+5.93473E+1	+7.08023E-3
+5.93463E+1	+6.90903E-3
+5.93858E+1	+7.18417E-3
+5.94983E+1	+7.30034E-3
+5.94971E+1	+7.37371E-3
+5.95747E+1	+6.57275E-3
+5.95766E+1	+6.97017E-3
+5.96510E+1	+6.90292E-3
+5.96816E+1	+6.72561E-3
+5.97357E+1	+6.65224E-3
+5.97665E+1	+7.22086E-3
+5.97850E+1	+7.17806E-3
+5.98725E+1	+7.00075E-3
+5.98725E+1	+6.65835E-3
+5.99510E+1	+6.95795E-3
+6.00271E+1	+7.32480E-3
+6.00415E+1	+7.70388E-3
+6.01030E+1	+7.18417E-3
+6.00990E+1	+6.82343E-3
+6.01772E+1	+7.52045E-3
+6.01923E+1	+7.61216E-3
+6.01873E+1	+6.80509E-3
+6.02590E+1	+6.79286E-3
+6.02582E+1	+7.69165E-3
+6.02517E+1	+7.37371E-3
+6.02557E+1	+7.29423E-3
+6.03307E+1	+6.64612E-3
+6.03310E+1	+7.59994E-3
+6.03320E+1	+7.41651E-3
+6.03288E+1	+7.46542E-3
+6.04035E+1	+6.75006E-3
+6.04096E+1	+6.92738E-3
+6.04309E+1	+6.89680E-3
+6.04297E+1	+7.23309E-3
+6.04826E+1	+7.67331E-3
+6.05558E+1	+6.90292E-3
+6.05578E+1	+6.74395E-3
+6.06337E+1	+7.02520E-3
+6.06326E+1	+6.98852E-3
+6.06924E+1	+7.41040E-3
+6.07117E+1	+6.86623E-3
+6.07208E+1	+7.27588E-3
+6.07216E+1	+6.94572E-3
+6.07821E+1	+7.47154E-3
+6.08188E+1	+7.15971E-3
+6.08531E+1	+7.04966E-3
+6.08581E+1	+7.23920E-3
+6.09360E+1	+7.45931E-3
+6.10078E+1	+6.93960E-3
+6.10087E+1	+7.31868E-3
+6.10168E+1	+7.51434E-3
+6.10871E+1	+7.66719E-3
+6.11593E+1	+6.79898E-3
+6.11565E+1	+6.27927E-3
+6.11589E+1	+7.09246E-3
+6.12280E+1	+7.14137E-3
+6.12455E+1	+7.16583E-3
+6.12452E+1	+6.95183E-3
+6.12477E+1	+6.89680E-3
+6.13073E+1	+6.83566E-3
+6.13689E+1	+6.50550E-3
+6.13810E+1	+6.59110E-3
+6.14126E+1	+6.95795E-3
+6.15378E+1	+6.97629E-3
+6.15390E+1	+6.54218E-3
+6.15344E+1	+7.29423E-3
+6.16308E+1	+7.25754E-3
+6.16892E+1	+7.08634E-3
+6.16881E+1	+7.27588E-3
+6.17572E+1	+7.46542E-3
+6.18341E+1	+8.11964E-3
+6.18334E+1	+6.67058E-3
+6.18370E+1	+7.75891E-3
+6.19120E+1	+6.93960E-3
+6.19746E+1	+6.97629E-3
+6.19874E+1	+7.84450E-3
+6.20590E+1	+6.83566E-3
+6.20881E+1	+7.19029E-3
+6.21345E+1	+6.93349E-3
+6.21354E+1	+7.34925E-3
+6.22106E+1	+7.45320E-3
+6.22107E+1	+6.97629E-3
+6.22104E+1	+7.59994E-3
+6.22835E+1	+6.82343E-3
+6.22929E+1	+6.53607E-3
+6.22948E+1	+6.64612E-3
+6.23031E+1	+7.61828E-3
+6.23581E+1	+6.92738E-3
+6.23665E+1	+7.20251E-3
+6.24329E+1	+6.86012E-3
+6.24340E+1	+7.07412E-3
+6.24306E+1	+6.79898E-3
+6.24318E+1	+7.04966E-3
+6.24319E+1	+7.19029E-3
+6.24312E+1	+6.74395E-3
+6.25078E+1	+6.64001E-3
+6.25051E+1	+7.01297E-3
+6.25047E+1	+7.12914E-3
+6.25057E+1	+7.25754E-3
+6.25081E+1	+7.03743E-3
+6.25078E+1	+7.50822E-3
+6.25255E+1	+7.36148E-3
+6.25258E+1	+7.15971E-3
+6.25974E+1	+6.97017E-3
+6.26571E+1	+7.24531E-3
+6.26584E+1	+7.41651E-3
+6.27170E+1	+6.92738E-3
+6.27353E+1	+7.43485E-3
+6.27371E+1	+7.38594E-3
+6.27812E+1	+7.03132E-3
+6.28088E+1	+6.68281E-3
+6.28108E+1	+7.08634E-3
+6.28411E+1	+7.14749E-3
+6.28861E+1	+7.28811E-3
+6.28863E+1	+7.44097E-3
+6.29627E+1	+7.53268E-3
+6.29617E+1	+7.34925E-3
+6.30382E+1	+7.00686E-3
+6.30369E+1	+6.71338E-3
+6.30392E+1	+7.39205E-3
+6.31069E+1	+6.86623E-3
+6.31119E+1	+7.11692E-3
+6.31837E+1	+6.75006E-3
+6.31964E+1	+6.79898E-3
+6.32522E+1	+6.25481E-3
+6.33274E+1	+6.27316E-3
+6.33323E+1	+7.46542E-3
+6.34051E+1	+6.98852E-3
+6.34041E+1	+6.76841E-3
+6.34016E+1	+6.84178E-3
+6.34085E+1	+7.06189E-3
+6.34761E+1	+6.43824E-3
+6.34776E+1	+6.37710E-3
+6.34826E+1	+6.94572E-3
+6.34784E+1	+6.37710E-3
+6.34811E+1	+7.26977E-3
+6.34789E+1	+7.15360E-3
+6.34829E+1	+6.91515E-3
+6.35102E+1	+7.33091E-3
+6.35132E+1	+6.79898E-3
+6.35628E+1	+6.93349E-3
+6.35684E+1	+7.22086E-3
+6.36306E+1	+6.93349E-3
+6.36270E+1	+7.81393E-3
+6.36456E+1	+6.43213E-3
+6.36680E+1	+7.25754E-3
+6.36729E+1	+6.79286E-3
+6.37089E+1	+6.95795E-3
+6.37037E+1	+7.22697E-3
+6.37803E+1	+7.03743E-3
+6.37787E+1	+7.44097E-3
+6.38503E+1	+7.07412E-3
+6.38554E+1	+7.08023E-3
+6.38967E+1	+7.50822E-3
+6.39303E+1	+7.11080E-3
+6.39282E+1	+6.49938E-3
+6.39837E+1	+6.94572E-3
+6.39910E+1	+7.07412E-3
+6.40026E+1	+8.07684E-3
+6.40037E+1	+7.12914E-3
+6.40568E+1	+7.15360E-3
+6.40756E+1	+7.49600E-3
+6.41054E+1	+7.17806E-3
+6.41258E+1	+7.19029E-3
+6.41281E+1	+7.12303E-3
+6.41656E+1	+7.64885E-3
+6.41642E+1	+7.26977E-3
+6.42269E+1	+6.98852E-3
+6.42268E+1	+6.67058E-3
+6.42433E+1	+6.77452E-3
+6.42442E+1	+7.49600E-3
+6.42509E+1	+7.65496E-3
+6.43019E+1	+7.78948E-3
+6.43055E+1	+7.67942E-3
+6.43747E+1	+7.59994E-3
+6.43781E+1	+7.14749E-3
+6.43896E+1	+7.56325E-3
+6.44555E+1	+7.58771E-3
+6.44495E+1	+7.47154E-3
+6.45202E+1	+7.47765E-3
+6.45261E+1	+7.58771E-3
+6.45941E+1	+7.78336E-3
+6.46002E+1	+7.91787E-3
+6.46435E+1	+7.55714E-3
+6.46705E+1	+7.36760E-3
+6.46698E+1	+7.79559E-3
+6.47448E+1	+7.50822E-3
+6.47487E+1	+8.16244E-3
+6.48243E+1	+7.82005E-3
+6.48254E+1	+8.02793E-3
+6.48954E+1	+7.31868E-3
+6.48942E+1	+7.61828E-3
+6.49164E+1	+7.18417E-3
+6.50411E+1	+7.47154E-3
+6.50437E+1	+7.17194E-3
+6.51940E+1	+7.88730E-3
+6.51944E+1	+7.49600E-3
+6.52705E+1	+8.19301E-3
+6.52633E+1	+7.72222E-3
+6.53415E+1	+6.75618E-3
+6.54160E+1	+7.43485E-3
+6.54231E+1	+7.78336E-3
+6.55027E+1	+7.22697E-3
+6.55009E+1	+8.24193E-3
+6.55803E+1	+7.61216E-3
+6.55889E+1	+7.86285E-3
+6.56524E+1	+7.52657E-3
+6.57238E+1	+8.10741E-3
+6.57221E+1	+7.34925E-3
+6.57977E+1	+7.22697E-3
+6.57977E+1	+7.68554E-3
+6.58743E+1	+8.21136E-3
+6.58729E+1	+7.18417E-3
+6.59022E+1	+7.58771E-3
+6.59572E+1	+7.45931E-3
+6.59601E+1	+7.55102E-3
+6.60990E+1	+7.36148E-3
+6.60993E+1	+7.86896E-3
+6.62490E+1	+8.00347E-3
+6.63166E+1	+7.99124E-3
+6.63471E+1	+8.18690E-3
+6.64696E+1	+6.95183E-3
+6.64730E+1	+7.77725E-3
+6.66002E+1	+6.82343E-3
+6.66209E+1	+7.51434E-3
+6.67007E+1	+6.93349E-3
+6.67686E+1	+6.57275E-3
+6.68490E+1	+6.64001E-3
+6.69181E+1	+6.36487E-3
+6.69209E+1	+6.81732E-3
+6.70360E+1	+6.85401E-3
+6.70526E+1	+7.36760E-3
+6.71450E+1	+6.79898E-3
+6.71460E+1	+6.56052E-3
+6.72415E+1	+6.46881E-3
+6.72937E+1	+7.56937E-3
+6.72899E+1	+6.80509E-3
+6.73662E+1	+7.31868E-3
+6.73678E+1	+6.76841E-3
+6.74413E+1	+6.57887E-3
+6.74368E+1	+7.37983E-3
+6.74549E+1	+6.98240E-3
+6.75616E+1	+6.79898E-3
+6.75643E+1	+6.82955E-3
+6.76635E+1	+6.54218E-3
+6.76589E+1	+6.72561E-3
+6.77364E+1	+6.78675E-3
+6.77582E+1	+6.93349E-3
+6.77653E+1	+6.94572E-3
+6.78896E+1	+6.99463E-3
+6.78884E+1	+7.05577E-3
+6.79723E+1	+7.30646E-3
+6.79791E+1	+6.93349E-3
+6.80384E+1	+6.76229E-3
+6.81097E+1	+7.00075E-3
+6.81169E+1	+7.33703E-3
+6.81987E+1	+7.00075E-3
+6.82044E+1	+6.99463E-3
+6.83472E+1	+7.50211E-3
+6.83488E+1	+7.58771E-3
+6.84823E+1	+7.90565E-3
+6.84835E+1	+7.15971E-3
+6.85558E+1	+7.20251E-3
+6.86326E+1	+7.22697E-3
+6.86306E+1	+7.02520E-3
+6.87790E+1	+7.09857E-3
+6.87805E+1	+7.83839E-3
+6.89296E+1	+8.45592E-3
+6.89319E+1	+7.78336E-3
+6.90180E+1	+7.97290E-3
+6.90204E+1	+8.25415E-3
+6.91538E+1	+8.10741E-3
+6.91516E+1	+7.83228E-3
+6.92353E+1	+7.88730E-3
+6.92833E+1	+8.01570E-3
+6.93251E+1	+7.99124E-3
+6.93905E+1	+7.75279E-3
+6.93930E+1	+7.52045E-3
+6.95438E+1	+7.39205E-3
+6.95461E+1	+7.78948E-3
+6.97188E+1	+7.31257E-3
+6.97525E+1	+7.97902E-3
+6.98139E+1	+7.28811E-3
+6.98987E+1	+7.46542E-3
+6.99027E+1	+7.26366E-3
+7.00526E+1	+6.94572E-3
+7.00508E+1	+7.23920E-3
+7.02436E+1	+7.67331E-3
+7.02679E+1	+7.39817E-3
+7.03826E+1	+7.15971E-3
+7.04262E+1	+7.08023E-3
+7.04877E+1	+7.82616E-3
+7.05738E+1	+7.66108E-3
+7.05746E+1	+7.48988E-3
+7.06582E+1	+7.94233E-3
+7.06612E+1	+7.31257E-3
+7.07951E+1	+7.50211E-3
+7.07988E+1	+7.97290E-3
+7.08713E+1	+7.92399E-3
+7.09010E+1	+7.41651E-3
+7.09016E+1	+7.89953E-3
+7.10268E+1	+6.94572E-3
+7.10267E+1	+7.14749E-3
+7.11061E+1	+7.86896E-3
+7.11217E+1	+6.90292E-3
+7.11672E+1	+8.02793E-3
+7.12427E+1	+7.03743E-3
+7.12529E+1	+7.19640E-3
+7.13170E+1	+6.91515E-3
+7.13266E+1	+7.48988E-3
+7.13489E+1	+7.58771E-3
+7.14048E+1	+7.44097E-3
+7.14044E+1	+7.50211E-3
+7.14841E+1	+7.91787E-3
+7.14880E+1	+7.28811E-3
+7.16269E+1	+8.23581E-3
+7.16370E+1	+7.22697E-3
+7.16537E+1	+8.07073E-3
+7.17194E+1	+7.35537E-3
+7.17240E+1	+7.79559E-3
+7.18434E+1	+8.24193E-3
+7.18524E+1	+7.77725E-3
+7.18950E+1	+8.05850E-3
+7.19249E+1	+8.46204E-3
+7.19562E+1	+8.55375E-3
+7.20148E+1	+9.09791E-3
+7.20150E+1	+8.21136E-3
+7.21662E+1	+8.51095E-3
+7.21755E+1	+8.58432E-3
+7.22986E+1	+8.60266E-3
+7.23170E+1	+8.71883E-3
+7.23467E+1	+9.36694E-3
+7.25246E+1	+8.15633E-3
+7.25229E+1	+8.33975E-3
+7.25261E+1	+8.93894E-3
+7.25254E+1	+9.11014E-3
+7.26582E+1	+8.84723E-3
+7.26748E+1	+8.66992E-3
+7.27504E+1	+7.99124E-3
+7.27496E+1	+8.61489E-3
+7.27763E+1	+8.05850E-3
+7.28300E+1	+8.52318E-3
+7.28285E+1	+8.93283E-3
+7.29049E+1	+8.59655E-3
+7.29170E+1	+8.65158E-3
+7.30420E+1	+8.37644E-3
+7.30502E+1	+8.54152E-3
+7.30893E+1	+8.71272E-3
+7.31281E+1	+8.49261E-3
+7.31340E+1	+8.61489E-3
+7.32334E+1	+9.03677E-3
+7.32463E+1	+9.29968E-3
+7.33131E+1	+9.02454E-3
+7.33364E+1	+8.17467E-3
+7.34214E+1	+8.35198E-3
+7.34823E+1	+9.23854E-3
+7.34972E+1	+8.42535E-3
+7.35674E+1	+8.84112E-3
+7.35763E+1	+8.71883E-3
+7.36443E+1	+8.68215E-3
+7.36438E+1	+7.87507E-3
+7.37168E+1	+8.47427E-3
+7.37185E+1	+8.40701E-3
+7.37917E+1	+9.14683E-3
+7.37914E+1	+8.55375E-3
+7.38655E+1	+8.46204E-3
+7.38653E+1	+8.10130E-3
+7.39434E+1	+8.96340E-3
+7.39516E+1	+8.80443E-3
+7.40135E+1	+9.59928E-3
+7.40331E+1	+9.14683E-3
+7.40333E+1	+9.34859E-3
+7.41020E+1	+8.93894E-3
+7.41079E+1	+9.83773E-3
+7.41857E+1	+1.06815E-2
+7.41881E+1	+9.40974E-3
+7.43201E+1	+1.02841E-2
+7.43296E+1	+1.05775E-2
+7.43950E+1	+1.04369E-2
+7.43934E+1	+1.06142E-2
+7.44689E+1	+1.11706E-2
+7.44772E+1	+1.08405E-2
+7.45155E+1	+1.11645E-2
+7.45414E+1	+1.03880E-2
+7.45456E+1	+1.05592E-2
+7.46153E+1	+1.02168E-2
+7.46178E+1	+1.07610E-2
+7.46884E+1	+1.00028E-2
+7.46891E+1	+1.06693E-2
+7.47538E+1	+1.02168E-2
+7.47568E+1	+1.06081E-2
+7.48324E+1	+1.04063E-2
+7.48556E+1	+1.05042E-2
+7.48876E+1	+1.09138E-2
+7.50390E+1	+9.50145E-3
+7.50590E+1	+9.92944E-3
+7.51318E+1	+9.65430E-3
+7.51307E+1	+9.73379E-3
+7.52049E+1	+8.19913E-3
+7.52085E+1	+9.51368E-3
+7.52299E+1	+9.83773E-3
+7.52935E+1	+9.17128E-3
+7.52928E+1	+9.12848E-3
+7.53707E+1	+9.23854E-3
+7.53738E+1	+9.25688E-3
+7.55004E+1	+8.49872E-3
+7.55026E+1	+8.94506E-3
+7.55772E+1	+9.69099E-3
+7.55789E+1	+9.00009E-3
+7.56483E+1	+9.23854E-3
+7.56711E+1	+9.81327E-3
+7.56712E+1	+9.25688E-3
+7.57430E+1	+9.67876E-3
+7.57421E+1	+9.84996E-3
+7.58579E+1	+9.77659E-3
+7.58831E+1	+1.01618E-2
+7.59239E+1	+1.03880E-2
+7.59519E+1	+1.06448E-2
+7.59516E+1	+1.12012E-2
+7.60237E+1	+1.08710E-2
+7.60236E+1	+1.13968E-2
+7.61118E+1	+1.14580E-2
+7.61149E+1	+1.21795E-2
+7.61911E+1	+1.23201E-2
+7.61930E+1	+1.21733E-2
+7.62653E+1	+1.30782E-2
+7.63182E+1	+1.29132E-2
+7.63737E+1	+1.39403E-2
+7.63987E+1	+1.46068E-2
+7.64349E+1	+1.46924E-2
+7.64691E+1	+1.58847E-2
+7.64858E+1	+1.57563E-2
+7.65503E+1	+1.64105E-2
+7.65512E+1	+1.65205E-2
+7.66273E+1	+1.75416E-2
+7.66256E+1	+1.75049E-2
+7.67058E+1	+1.87278E-2
+7.67059E+1	+1.97794E-2
+7.67783E+1	+1.94798E-2
+7.67779E+1	+1.91435E-2
+7.68459E+1	+1.94125E-2
+7.68505E+1	+1.94798E-2
+7.68522E+1	+1.93820E-2
+7.68795E+1	+1.96877E-2
+7.68828E+1	+2.08249E-2
+7.70025E+1	+2.17849E-2
+7.70002E+1	+2.17421E-2
+7.70770E+1	+2.25002E-2
+7.70770E+1	+2.30138E-2
+7.71522E+1	+2.46708E-2
+7.71536E+1	+2.50559E-2
+7.72294E+1	+2.64500E-2
+7.72405E+1	+2.69391E-2
+7.73083E+1	+2.75811E-2
+7.73536E+1	+2.90913E-2
+7.74193E+1	+2.94154E-2
+7.74517E+1	+3.06321E-2
+7.74616E+1	+3.16960E-2
+7.75429E+1	+3.26559E-2
+7.75420E+1	+3.27965E-2
+7.76253E+1	+3.47347E-2
+7.76350E+1	+3.39154E-2
+7.77505E+1	+3.60187E-2
+7.77490E+1	+3.59637E-2
+7.78716E+1	+3.78774E-2
+7.79030E+1	+3.78285E-2
+7.79509E+1	+3.85072E-2
+7.79806E+1	+3.89168E-2
+7.80587E+1	+4.03903E-2
+7.81297E+1	+4.03903E-2
+7.81834E+1	+4.11974E-2
+7.82210E+1	+4.27076E-2
+7.82222E+1	+4.25486E-2
+7.83573E+1	+4.49148E-2
+7.83561E+1	+4.45357E-2
+7.84475E+1	+4.79047E-2
+7.84624E+1	+4.97206E-2
+7.86037E+1	+5.30650E-2
+7.86639E+1	+5.57553E-2
+7.87297E+1	+5.74428E-2
+7.88286E+1	+6.25176E-2
+7.88255E+1	+6.19306E-2
+7.89636E+1	+6.79531E-2
+7.89680E+1	+7.06678E-2
+7.91052E+1	+7.41284E-2
+7.91705E+1	+7.84573E-2
+7.92454E+1	+8.33425E-2
+7.92668E+1	+8.43452E-2
+7.93383E+1	+9.03066E-2
+7.94804E+1	+1.01214E-1
+7.94790E+1	+1.01220E-1
+7.95748E+1	+1.10905E-1
+7.96114E+1	+1.11180E-1
+7.97040E+1	+1.25035E-1
+7.97562E+1	+1.26943E-1
+7.98259E+1	+1.34940E-1
+7.98751E+1	+1.41605E-1
+7.99607E+1	+1.47792E-1
+8.00110E+1	+1.55313E-1
+8.00149E+1	+1.57404E-1
+8.00755E+1	+1.62527E-1
+8.01334E+1	+1.65713E-1
+8.01342E+1	+1.67070E-1
+8.02748E+1	+1.77648E-1
+8.02837E+1	+1.79256E-1
+8.03511E+1	+1.87400E-1
+8.04300E+1	+2.00338E-1
+8.04358E+1	+2.02007E-1
+8.06439E+1	+2.33458E-1
+8.06509E+1	+2.36906E-1
+8.07210E+1	+2.55243E-1
+8.07287E+1	+2.57120E-1
+8.08069E+1	+2.84273E-1
+8.08774E+1	+2.96819E-1
+8.09148E+1	+3.09702E-1
+8.10223E+1	+3.46100E-1
+8.10236E+1	+3.46864E-1
+8.11169E+1	+3.77569E-1
+8.11205E+1	+3.75497E-1
+8.11865E+1	+3.92849E-1
+8.12030E+1	+3.96921E-1
+8.12606E+1	+4.06777E-1
+8.12761E+1	+4.09143E-1
+8.12752E+1	+4.10225E-1
+8.13465E+1	+4.18137E-1
+8.13516E+1	+4.20222E-1
+8.14211E+1	+4.27394E-1
+8.14296E+1	+4.23609E-1
+8.14846E+1	+4.27076E-1
+8.15139E+1	+4.28476E-1
+8.15585E+1	+4.26507E-1
+8.16185E+1	+4.30524E-1
+8.16258E+1	+4.25077E-1
+8.16930E+1	+4.24380E-1
+8.16978E+1	+4.21971E-1
+8.17660E+1	+4.20821E-1
+8.17714E+1	+4.18192E-1
+8.18588E+1	+4.15270E-1
+8.18598E+1	+4.16969E-1
+8.19921E+1	+4.18901E-1
+8.19912E+1	+4.16890E-1
+8.20684E+1	+4.21494E-1
+8.20664E+1	+4.22509E-1
+8.21196E+1	+4.27186E-1
+8.21433E+1	+4.25505E-1
+8.22174E+1	+4.41047E-1
+8.22428E+1	+4.48054E-1
+8.22408E+1	+4.46690E-1
+8.23496E+1	+4.65039E-1
+8.23669E+1	+4.62373E-1
+8.24576E+1	+4.83284E-1
+8.24723E+1	+4.82758E-1
+8.25281E+1	+4.91532E-1
+8.25288E+1	+4.93128E-1
+8.26075E+1	+4.98716E-1
+8.26686E+1	+5.02562E-1
+8.26675E+1	+4.98233E-1
+8.26659E+1	+5.03846E-1
+8.26700E+1	+5.06970E-1
+8.27388E+1	+5.05374E-1
+8.27416E+1	+5.08566E-1
+8.28077E+1	+5.00287E-1
+8.28165E+1	+5.07606E-1
+8.28362E+1	+5.01192E-1
+8.28432E+1	+5.04219E-1
+8.29028E+1	+4.99603E-1
+8.29624E+1	+4.91862E-1
+8.30393E+1	+4.81694E-1
+8.31068E+1	+4.64941E-1
+8.31216E+1	+4.59010E-1
+8.31835E+1	+4.53184E-1
+8.31855E+1	+4.41432E-1
+8.32093E+1	+4.37385E-1
+8.32096E+1	+4.31252E-1
+8.32649E+1	+4.24233E-1
+8.32656E+1	+4.16847E-1
+8.33365E+1	+4.11026E-1
+8.33372E+1	+4.13081E-1
+8.34048E+1	+3.94426E-1
+8.34101E+1	+3.95545E-1
+8.34882E+1	+3.82803E-1
+8.34867E+1	+3.82186E-1
+8.35546E+1	+3.75301E-1
+8.35613E+1	+3.68643E-1
+8.36120E+1	+3.67102E-1
+8.36382E+1	+3.65684E-1
+8.36646E+1	+3.65842E-1
+8.36630E+1	+3.64198E-1
+8.36944E+1	+3.61948E-1
+8.37882E+1	+3.69749E-1
+8.38433E+1	+3.76016E-1
+8.38628E+1	+3.77233E-1
+8.38633E+1	+3.75228E-1
+8.38657E+1	+3.79844E-1
+8.38654E+1	+3.79514E-1
+8.39282E+1	+3.92592E-1
+8.39414E+1	+3.95790E-1
+8.39587E+1	+4.12054E-1
+8.40013E+1	+4.20185E-1
+8.40363E+1	+4.32640E-1
+8.40875E+1	+4.40570E-1
+8.40906E+1	+4.44135E-1
+8.41070E+1	+4.60649E-1
+8.41641E+1	+4.71691E-1
+8.41650E+1	+4.69741E-1
+8.41636E+1	+4.75384E-1
+8.41864E+1	+4.81712E-1
+8.42115E+1	+4.84397E-1
+8.42552E+1	+4.92473E-1
+8.42568E+1	+4.93336E-1
+8.42603E+1	+5.02898E-1
+8.42701E+1	+5.03638E-1
+8.43100E+1	+5.12754E-1
+8.43223E+1	+5.22409E-1
+8.43283E+1	+5.18679E-1
+8.43322E+1	+5.28663E-1
+8.43665E+1	+5.27031E-1
+8.43856E+1	+5.29501E-1
+8.43852E+1	+5.31885E-1
+8.43840E+1	+5.30999E-1
+8.43887E+1	+5.36123E-1
+8.43872E+1	+5.32943E-1
+8.43865E+1	+5.33903E-1
+8.43891E+1	+5.33298E-1
+8.43861E+1	+5.33273E-1
+8.43880E+1	+5.33964E-1
+8.43859E+1	+5.35267E-1
+8.43887E+1	+5.39999E-1
+8.44195E+1	+5.41136E-1
+8.44490E+1	+5.43668E-1
+8.44597E+1	+5.44982E-1
+8.44615E+1	+5.48406E-1
+8.44818E+1	+5.50736E-1
+8.45305E+1	+5.47214E-1
+8.45327E+1	+5.53988E-1
+8.45354E+1	+5.56581E-1
+8.45342E+1	+5.53884E-1
+8.45645E+1	+5.58971E-1
+8.45926E+1	+5.53365E-1
+8.46070E+1	+5.55535E-1
+8.46068E+1	+5.54539E-1
+8.46054E+1	+5.54979E-1
+8.46056E+1	+5.58959E-1
+8.46220E+1	+5.58831E-1
+8.46330E+1	+5.55291E-1
+8.46355E+1	+5.57388E-1
+8.46513E+1	+5.57296E-1
+8.46746E+1	+5.55052E-1
+8.46831E+1	+5.54074E-1
+8.47095E+1	+5.54459E-1
+8.47577E+1	+5.53982E-1
+8.47631E+1	+5.47519E-1
+8.47732E+1	+5.51616E-1
+8.47771E+1	+5.47764E-1
+8.47796E+1	+5.44780E-1
+8.47783E+1	+5.50723E-1
+8.47796E+1	+5.45728E-1
+8.47785E+1	+5.48357E-1
+8.48370E+1	+5.42616E-1
+8.48547E+1	+5.36318E-1
+8.49111E+1	+5.33316E-1
+8.49109E+1	+5.28578E-1
+8.49252E+1	+5.29580E-1
+8.49318E+1	+5.26682E-1
+8.49840E+1	+5.24842E-1
+8.49830E+1	+5.19370E-1
+8.50088E+1	+5.14882E-1
+8.50621E+1	+5.11146E-1
+8.50607E+1	+5.08878E-1
+8.50662E+1	+5.08798E-1
+8.50858E+1	+5.04029E-1
+8.51333E+1	+5.02226E-1
+8.51356E+1	+5.01156E-1
+8.51343E+1	+4.99682E-1
+8.51344E+1	+5.01718E-1
+8.51485E+1	+4.98080E-1
+8.52001E+1	+4.91452E-1
+8.52131E+1	+4.92694E-1
+8.52203E+1	+4.89441E-1
+8.52273E+1	+4.88835E-1
+8.52821E+1	+4.86225E-1
+8.52875E+1	+4.88536E-1
+8.52976E+1	+4.86378E-1
+8.53515E+1	+4.87264E-1
+8.53607E+1	+4.87295E-1
+8.53596E+1	+4.86757E-1
+8.53792E+1	+4.88138E-1
+8.53815E+1	+4.88835E-1
+8.53828E+1	+4.91605E-1
+8.53830E+1	+4.87276E-1
+8.53838E+1	+4.87686E-1
+8.53841E+1	+4.87827E-1
+8.53847E+1	+4.88854E-1
+8.53855E+1	+4.88927E-1
+8.54380E+1	+4.90719E-1
+8.54717E+1	+4.94999E-1
+8.55142E+1	+4.99016E-1
+8.55235E+1	+5.02996E-1
+8.55305E+1	+5.05808E-1
+8.55853E+1	+5.08866E-1
+8.55849E+1	+5.16038E-1
+8.56282E+1	+5.24218E-1
+8.56603E+1	+5.32191E-1
+8.56854E+1	+5.40219E-1
+8.57310E+1	+5.44273E-1
+8.57367E+1	+5.51793E-1
+8.57472E+1	+5.55621E-1
+8.57512E+1	+5.60390E-1
+8.58088E+1	+5.70252E-1
+8.58072E+1	+5.73260E-1
+8.58091E+1	+5.79448E-1
+8.58233E+1	+5.83025E-1
+8.58485E+1	+5.89836E-1
+8.58801E+1	+5.95864E-1
+8.58870E+1	+5.98976E-1
+8.58866E+1	+5.98579E-1
+8.58858E+1	+5.97130E-1
+8.58855E+1	+5.98860E-1
+8.58868E+1	+5.98591E-1
+8.58839E+1	+6.00144E-1
+8.58834E+1	+6.00976E-1
+8.58842E+1	+5.99392E-1
+8.58842E+1	+5.99307E-1
+8.58856E+1	+6.00707E-1
+8.58825E+1	+6.04981E-1
+8.59341E+1	+6.13479E-1
+8.59559E+1	+6.18413E-1
+8.59559E+1	+6.19594E-1
+8.59590E+1	+6.21978E-1
+8.59568E+1	+6.29633E-1
+8.59636E+1	+6.27322E-1
+8.59695E+1	+6.31810E-1
+8.59884E+1	+6.36200E-1
+8.60335E+1	+6.40223E-1
+8.60324E+1	+6.44044E-1
+8.60315E+1	+6.46857E-1
+8.60341E+1	+6.50397E-1
+8.60388E+1	+6.50177E-1
+8.60500E+1	+6.55496E-1
+8.60874E+1	+6.58272E-1
+8.61088E+1	+6.62423E-1
+8.61058E+1	+6.57826E-1
+8.61055E+1	+6.59427E-1
+8.61090E+1	+6.65224E-1
+8.61074E+1	+6.71424E-1
+8.61202E+1	+6.74358E-1
+8.61273E+1	+6.71760E-1
+8.61291E+1	+6.75324E-1
+8.61404E+1	+6.78663E-1
+8.61815E+1	+6.83420E-1
+8.61824E+1	+6.85920E-1
+8.61858E+1	+6.86782E-1
+8.61821E+1	+6.90261E-1
+8.61900E+1	+6.91900E-1
+8.62003E+1	+6.92731E-1
+8.62124E+1	+6.91906E-1
+8.62536E+1	+6.97666E-1
+8.62559E+1	+7.00717E-1
+8.62566E+1	+7.07668E-1
+8.62649E+1	+7.09637E-1
+8.62649E+1	+7.11777E-1
+8.62938E+1	+7.17433E-1
+8.63338E+1	+7.20814E-1
+8.63340E+1	+7.26567E-1
+8.63352E+1	+7.27631E-1
+8.63735E+1	+7.29661E-1
+8.64094E+1	+7.33110E-1
+8.64037E+1	+7.31453E-1
+8.64071E+1	+7.36381E-1
+8.64058E+1	+7.37451E-1
+8.64080E+1	+7.35714E-1
+8.64078E+1	+7.35396E-1
+8.64066E+1	+7.39909E-1
+8.64043E+1	+7.37481E-1
+8.64070E+1	+7.41596E-1
+8.64046E+1	+7.41443E-1
+8.64084E+1	+7.37548E-1
+8.64084E+1	+7.42000E-1
+8.64782E+1	+7.46310E-1
+8.64841E+1	+7.46518E-1
+8.64819E+1	+7.50394E-1
+8.64975E+1	+7.50431E-1
+8.65586E+1	+7.53366E-1
+8.65584E+1	+7.53390E-1
+8.65576E+1	+7.56472E-1
+8.65595E+1	+7.54962E-1
+8.65717E+1	+7.52632E-1
+8.65943E+1	+7.55940E-1
+8.66274E+1	+7.54778E-1
+8.66299E+1	+7.53470E-1
+8.66324E+1	+7.55139E-1
+8.66305E+1	+7.54454E-1
+8.66502E+1	+7.58129E-1
+8.66719E+1	+7.55873E-1
+8.67048E+1	+7.52791E-1
+8.67033E+1	+7.54087E-1
+8.67779E+1	+7.53042E-1
+8.67818E+1	+7.54644E-1
+8.68101E+1	+7.52993E-1
+8.68321E+1	+7.53299E-1
+8.68543E+1	+7.52216E-1
+8.68515E+1	+7.50963E-1
+8.68529E+1	+7.53378E-1
+8.68556E+1	+7.48841E-1
+8.68647E+1	+7.49814E-1
+8.68828E+1	+7.50223E-1
+8.68899E+1	+7.47166E-1
+8.69323E+1	+7.47875E-1
+8.69301E+1	+7.44678E-1
+8.69294E+1	+7.48267E-1
+8.69313E+1	+7.45399E-1
+8.69309E+1	+7.44054E-1
+8.69284E+1	+7.46212E-1
+8.69282E+1	+7.45589E-1
+8.69279E+1	+7.47649E-1
+8.69343E+1	+7.41425E-1
+8.70050E+1	+7.38245E-1
+8.70042E+1	+7.32064E-1
+8.70336E+1	+7.28420E-1
+8.70784E+1	+7.24727E-1
+8.70798E+1	+7.18032E-1
+8.71188E+1	+7.11349E-1
+8.71504E+1	+7.09252E-1
+8.71574E+1	+7.05033E-1
+8.71988E+1	+7.00252E-1
+8.72202E+1	+6.94077E-1
+8.72254E+1	+6.91313E-1
+8.72269E+1	+6.90634E-1
+8.72293E+1	+6.89356E-1
+8.72284E+1	+6.91282E-1
+8.72291E+1	+6.90524E-1
+8.72258E+1	+6.89564E-1
+8.72253E+1	+6.90604E-1
+8.72266E+1	+6.86562E-1
+8.73022E+1	+6.75716E-1
+8.73581E+1	+6.61684E-1
+8.74136E+1	+6.39954E-1
+8.74544E+1	+6.24901E-1
+8.75291E+1	+6.09585E-1
+8.75537E+1	+5.94678E-1
+8.76019E+1	+5.90533E-1
+8.76047E+1	+5.80230E-1
+8.76118E+1	+5.74190E-1
+8.76226E+1	+5.71108E-1
+8.76811E+1	+5.58066E-1
+8.76815E+1	+5.55712E-1
+8.77536E+1	+5.39779E-1
+8.77544E+1	+5.43967E-1
+8.77535E+1	+5.41846E-1
+8.77552E+1	+5.41246E-1
+8.77544E+1	+5.42163E-1
+8.78131E+1	+5.31317E-1
+8.78387E+1	+5.18942E-1
+8.79038E+1	+5.10529E-1
+8.79409E+1	+5.03669E-1
+8.79891E+1	+4.99193E-1
+8.80626E+1	+5.00428E-1
+8.80783E+1	+5.00098E-1
+8.81395E+1	+5.00618E-1
+8.81436E+1	+5.05142E-1
+8.82132E+1	+5.11372E-1
+8.82756E+1	+5.21907E-1
+8.83016E+1	+5.30693E-1
+8.83160E+1	+5.32705E-1
+8.83179E+1	+5.32680E-1
+8.83195E+1	+5.33787E-1
+8.83196E+1	+5.33536E-1
+8.83229E+1	+5.35261E-1
+8.83206E+1	+5.33922E-1
+8.83216E+1	+5.37896E-1
+8.83771E+1	+5.51732E-1
+8.84385E+1	+5.66070E-1
+8.84689E+1	+5.80506E-1
+8.85150E+1	+5.92330E-1
+8.85136E+1	+5.99423E-1
+8.85873E+1	+6.13406E-1
+8.85900E+1	+6.26478E-1
+8.86373E+1	+6.35839E-1
+8.86629E+1	+6.37184E-1
+8.86644E+1	+6.47272E-1
+8.86782E+1	+6.60320E-1
+8.86777E+1	+6.60430E-1
+8.86814E+1	+6.61794E-1
+8.86805E+1	+6.62283E-1
+8.86809E+1	+6.61463E-1
+8.86809E+1	+6.62760E-1
+8.87010E+1	+6.74854E-1
+8.88126E+1	+6.99671E-1
+8.88693E+1	+7.28053E-1
+8.88997E+1	+7.45852E-1
+8.89668E+1	+7.65698E-1
+8.89779E+1	+7.80299E-1
+8.90185E+1	+7.90497E-1
+8.90449E+1	+7.94166E-1
+8.90444E+1	+8.05361E-1
+8.91189E+1	+8.17742E-1
+8.91207E+1	+8.17528E-1
+8.91178E+1	+8.18433E-1
+8.91182E+1	+8.17076E-1
+8.91191E+1	+8.16868E-1
+8.91191E+1	+8.22634E-1
+8.91480E+1	+8.35565E-1
+8.91932E+1	+8.50722E-1
+8.92156E+1	+8.65995E-1
+8.92696E+1	+8.81385E-1
+8.93446E+1	+8.96493E-1
+8.93451E+1	+9.04502E-1
+8.93595E+1	+9.12971E-1
+8.94123E+1	+9.21879E-1
+8.94199E+1	+9.29522E-1
+8.94322E+1	+9.34792E-1
+8.94351E+1	+9.34786E-1
+8.94356E+1	+9.36266E-1
+8.94373E+1	+9.37256E-1
+8.94371E+1	+9.35410E-1
+8.94387E+1	+9.36877E-1
+8.94971E+1	+9.47449E-1
+8.95701E+1	+9.60087E-1
+8.95861E+1	+9.71202E-1
+8.96434E+1	+9.77873E-1
+8.96587E+1	+9.83999E-1
+8.96711E+1	+9.86029E-1
+8.96870E+1	+9.88310E-1
+8.97161E+1	+9.92351E-1
+8.97203E+1	+9.93971E-1
+8.97284E+1	+9.94962E-1
+8.97462E+1	+9.97475E-1
+8.97815E+1	+9.97469E-1
+8.97922E+1	+9.97377E-1
+8.97937E+1	+9.96796E-1
+8.97923E+1	+9.96497E-1
+8.97907E+1	+9.98105E-1
+8.98105E+1	+1.00093E+0
+8.98652E+1	+1.00454E+0
+8.99021E+1	+1.00737E+0
+8.99383E+1	+1.01099E+0
+9.00107E+1	+1.00847E+0
+9.00193E+1	+1.00802E+0
+9.00858E+1	+1.00685E+0
+9.00871E+1	+1.00244E+0
+9.01635E+1	+1.00058E+0
+9.01600E+1	+9.97200E-1
+9.01789E+1	+9.95732E-1
+9.01783E+1	+9.95414E-1
+9.01796E+1	+9.95151E-1
+9.01784E+1	+9.96821E-1
+9.01805E+1	+9.92449E-1
+9.01810E+1	+9.96081E-1
+9.01784E+1	+9.97212E-1
+9.01832E+1	+9.89422E-1
+9.02524E+1	+9.90040E-1
+9.02888E+1	+9.81664E-1
+9.03169E+1	+9.77622E-1
+9.03845E+1	+9.63113E-1
+9.04024E+1	+9.61126E-1
+9.04009E+1	+9.61120E-1
+9.04447E+1	+9.48207E-1
+9.04582E+1	+9.38234E-1
+9.04844E+1	+9.37568E-1
+9.04893E+1	+9.35391E-1
+9.04919E+1	+9.35984E-1
+9.04994E+1	+9.40081E-1
+9.04997E+1	+9.28556E-1
+9.05039E+1	+9.34921E-1
+9.05334E+1	+9.23499E-1
+9.05499E+1	+9.14334E-1
+9.06102E+1	+9.10702E-1
+9.06255E+1	+8.91816E-1
+9.06840E+1	+8.88844E-1
+9.06844E+1	+8.73693E-1
+9.07403E+1	+8.65359E-1
+9.07612E+1	+8.55907E-1
+9.07591E+1	+8.54458E-1
+9.07589E+1	+8.49469E-1
+9.08333E+1	+8.36629E-1
+9.08544E+1	+8.18971E-1
+9.09129E+1	+8.05428E-1
+9.09791E+1	+7.91959E-1
+9.09817E+1	+7.90100E-1
+9.09840E+1	+7.89372E-1
+9.09777E+1	+7.88675E-1
+9.09804E+1	+7.92650E-1
+9.09787E+1	+7.89024E-1
+9.09950E+1	+7.79070E-1
+9.10578E+1	+7.64341E-1
+9.10705E+1	+7.63497E-1
+9.10722E+1	+7.60960E-1
+9.11235E+1	+7.48915E-1
+9.11479E+1	+7.33715E-1
+9.12023E+1	+7.19548E-1
+9.12085E+1	+7.11392E-1
+9.12684E+1	+7.00900E-1
+9.12765E+1	+6.91154E-1
+9.12958E+1	+6.82233E-1
+9.13509E+1	+6.69675E-1
+9.13698E+1	+6.58565E-1
+9.14256E+1	+6.50715E-1
+9.14264E+1	+6.52433E-1
+9.14216E+1	+6.49516E-1
+9.14261E+1	+6.50440E-1
+9.14269E+1	+6.51846E-1
+9.14235E+1	+6.42876E-1
+9.15013E+1	+6.28049E-1
+9.15210E+1	+6.11767E-1
+9.15764E+1	+5.99637E-1
+9.15906E+1	+5.85385E-1
+9.16509E+1	+5.69842E-1
+9.16608E+1	+5.61411E-1
+9.16731E+1	+5.55456E-1
+9.16791E+1	+5.56159E-1
+9.17190E+1	+5.70570E-1
+9.17422E+1	+5.63080E-1
+9.17376E+1	+5.61234E-1
+9.17402E+1	+5.60732E-1
+9.17424E+1	+5.61845E-1
+9.17394E+1	+5.61729E-1
+9.17447E+1	+5.50326E-1
+9.18753E+1	+5.22347E-1
+9.19500E+1	+4.87924E-1
+9.19864E+1	+4.72211E-1
+9.20240E+1	+4.60080E-1
+9.20432E+1	+4.48726E-1
+9.20962E+1	+4.34590E-1
+9.21106E+1	+4.25168E-1
+9.21831E+1	+4.15435E-1
+9.21857E+1	+4.09192E-1
+9.21879E+1	+4.08373E-1
+9.21873E+1	+4.05890E-1
+9.21882E+1	+4.09106E-1
+9.21878E+1	+4.06557E-1
+9.21905E+1	+4.02173E-1
+9.23277E+1	+3.70226E-1
+9.23930E+1	+3.49994E-1
+9.24102E+1	+3.45929E-1
+9.24722E+1	+3.36189E-1
+9.24899E+1	+3.27696E-1
+9.25527E+1	+3.13994E-1
+9.26278E+1	+3.03154E-1
+9.26486E+1	+2.97712E-1
+9.26965E+1	+2.89488E-1
+9.27251E+1	+2.82879E-1
+9.27689E+1	+2.74992E-1
+9.27871E+1	+2.73304E-1
+9.27843E+1	+2.72515E-1
+9.27891E+1	+2.71861E-1
+9.27877E+1	+2.72253E-1
+9.27865E+1	+2.71690E-1
+9.27891E+1	+2.71250E-1
+9.27902E+1	+2.68266E-1
+9.28745E+1	+2.56227E-1
+9.29234E+1	+2.48627E-1
+9.30139E+1	+2.34302E-1
+9.30782E+1	+2.21126E-1
+9.31427E+1	+2.12248E-1
+9.31660E+1	+2.06776E-1
+9.32168E+1	+1.98308E-1
+9.32833E+1	+1.90176E-1
+9.33100E+1	+1.83994E-1
+9.33164E+1	+1.82380E-1
+9.33132E+1	+1.81188E-1
+9.33198E+1	+1.82178E-1
+9.33162E+1	+1.81053E-1
+9.33223E+1	+1.80338E-1
+9.33756E+1	+1.73955E-1
+9.34436E+1	+1.66257E-1
+9.34600E+1	+1.61415E-1
+9.34690E+1	+1.60149E-1
+9.35071E+1	+1.56560E-1
+9.35372E+1	+1.50696E-1
+9.35957E+1	+1.45371E-1
+9.36035E+1	+1.43696E-1
+9.36181E+1	+1.39868E-1
+9.36766E+1	+1.34903E-1
+9.37006E+1	+1.31498E-1
+9.37435E+1	+1.28698E-1
+9.37552E+1	+1.26399E-1
+9.38171E+1	+1.22938E-1
+9.38411E+1	+1.20719E-1
+9.38574E+1	+1.18138E-1
+9.38891E+1	+1.18022E-1
+9.38906E+1	+1.18255E-1
+9.38888E+1	+1.18114E-1
+9.38954E+1	+1.18848E-1
+9.38953E+1	+1.18817E-1
+9.39145E+1	+1.14451E-1
+9.39712E+1	+1.11254E-1
+9.40442E+1	+1.07701E-1
+9.41209E+1	+1.03568E-1
+9.41221E+1	+1.03849E-1
+9.41937E+1	+1.00407E-1
+9.42083E+1	+9.87747E-2
+9.42720E+1	+9.82122E-2
+9.42704E+1	+9.66959E-2
+9.42891E+1	+9.51429E-2
+9.43449E+1	+9.32658E-2
+9.44129E+1	+9.20491E-2
+9.44180E+1	+9.16945E-2
+9.44140E+1	+9.12604E-2
+9.44172E+1	+9.05083E-2
+9.44150E+1	+9.15600E-2
+9.44192E+1	+9.08446E-2
+9.44939E+1	+8.74023E-2
+9.45682E+1	+8.41251E-2
+9.46430E+1	+8.07440E-2
+9.46557E+1	+7.79987E-2
+9.47189E+1	+7.50822E-2
+9.47858E+1	+7.32052E-2
+9.47893E+1	+7.09735E-2
+9.48132E+1	+6.82160E-2
+9.48688E+1	+6.65163E-2
+9.49376E+1	+6.38688E-2
+9.49406E+1	+6.26765E-2
+9.49412E+1	+6.12030E-2
+9.49489E+1	+6.05916E-2
+9.49534E+1	+6.11480E-2
+9.49521E+1	+6.05610E-2
+9.49556E+1	+6.08912E-2
+9.49582E+1	+6.06772E-2
+9.49595E+1	+5.87574E-2
+9.50228E+1	+5.77913E-2
+9.50754E+1	+5.41228E-2
+9.50942E+1	+5.21051E-2
+9.51107E+1	+5.06744E-2
+9.51821E+1	+4.85344E-2
+9.52461E+1	+4.77396E-2
+9.52445E+1	+4.58870E-2
+9.52545E+1	+4.53306E-2
+9.53167E+1	+4.41811E-2
+9.53148E+1	+4.41016E-2
+9.53201E+1	+4.32212E-2
+9.53149E+1	+4.41444E-2
+9.53265E+1	+4.34535E-2
+9.53303E+1	+4.39304E-2
+9.53295E+1	+4.36736E-2
+9.53294E+1	+4.30867E-2
+9.53361E+1	+4.38938E-2
+9.53410E+1	+4.27504E-2
+9.54249E+1	+4.22429E-2
+9.54830E+1	+4.10384E-2
+9.55413E+1	+4.11118E-2
+9.55599E+1	+4.06349E-2
+9.56111E+1	+3.93020E-2
+9.56487E+1	+3.97055E-2
+9.56911E+1	+3.95038E-2
+9.57217E+1	+3.97055E-2
+9.57634E+1	+3.94059E-2
+9.57977E+1	+3.97239E-2
+9.58480E+1	+3.88557E-2
+9.58754E+1	+3.93448E-2
+9.58916E+1	+3.87395E-2
+9.59047E+1	+3.84949E-2
+9.59044E+1	+3.90208E-2
+9.59076E+1	+3.79080E-2
+9.59222E+1	+3.87273E-2
+9.59840E+1	+3.76695E-2
+9.59934E+1	+3.80731E-2
+9.60562E+1	+3.74127E-2
+9.60930E+1	+3.59575E-2
+9.61345E+1	+3.54317E-2
+9.61844E+1	+3.41416E-2
+9.62209E+1	+3.37442E-2
+9.62837E+1	+3.27537E-2
+9.63077E+1	+3.14330E-2
+9.63582E+1	+3.08767E-2
+9.63606E+1	+3.14575E-2
+9.63604E+1	+3.15981E-2
+9.63612E+1	+3.10601E-2
+9.63637E+1	+3.00451E-2
+9.63657E+1	+3.02897E-2
+9.63704E+1	+3.04181E-2
+9.63751E+1	+3.01063E-2
+9.64480E+1	+2.84677E-2
+9.65111E+1	+2.73304E-2
+9.65211E+1	+2.68657E-2
+9.65874E+1	+2.67924E-2
+9.66399E+1	+2.51905E-2
+9.67287E+1	+2.33623E-2
+9.67481E+1	+2.25308E-2
+9.68100E+1	+2.26714E-2
+9.68283E+1	+2.21456E-2
+9.68834E+1	+2.01768E-2
+9.69167E+1	+1.99323E-2
+9.69567E+1	+2.05620E-2
+9.69594E+1	+2.01768E-2
+9.69622E+1	+2.02869E-2
+9.69620E+1	+1.94920E-2
+9.69606E+1	+2.05070E-2
+9.69595E+1	+1.93208E-2
+9.70506E+1	+1.95104E-2
+9.71193E+1	+1.79329E-2
+9.71948E+1	+1.69546E-2
+9.72512E+1	+1.67896E-2
+9.72607E+1	+1.64533E-2
+9.73296E+1	+1.59947E-2
+9.73314E+1	+1.65633E-2
+9.73390E+1	+1.64411E-2
+9.73427E+1	+1.65205E-2
+9.74345E+1	+1.53344E-2
+9.74702E+1	+1.52366E-2
+9.74784E+1	+1.50837E-2
+9.75538E+1	+1.49064E-2
+9.75557E+1	+1.48452E-2
+9.76225E+1	+1.48330E-2
+9.77046E+1	+1.43561E-2
+9.77054E+1	+1.44906E-2
+9.78551E+1	+1.43928E-2
+9.78599E+1	+1.45334E-2
+9.79448E+1	+1.54261E-2
+9.80024E+1	+1.52855E-2
+9.79953E+1	+1.40626E-2
+9.80894E+1	+1.41543E-2
+9.80964E+1	+1.46313E-2
+9.82228E+1	+1.53283E-2
+9.82260E+1	+1.44356E-2
+9.82997E+1	+1.56034E-2
+9.83772E+1	+1.60864E-2
+9.84175E+1	+1.49308E-2
+9.85347E+1	+1.53466E-2
+9.85379E+1	+1.59336E-2
+9.87562E+1	+1.61843E-2
+9.87550E+1	+1.57991E-2
+9.89191E+1	+1.61904E-2
+9.89244E+1	+1.54139E-2
+9.90564E+1	+1.52916E-2
+9.90722E+1	+1.60803E-2
+9.91407E+1	+1.48880E-2
+9.92130E+1	+1.57685E-2
+9.92099E+1	+1.50164E-2
+9.93581E+1	+1.43378E-2
+9.93630E+1	+1.51999E-2
+9.95467E+1	+1.30355E-2
+9.95862E+1	+1.34023E-2
+9.98092E+1	+1.13357E-2
+9.98375E+1	+1.14886E-2
+9.99543E+1	+1.03697E-2
+1.00045E+2	+1.05042E-2
+1.00088E+2	+1.05531E-2
+1.00298E+2	+9.17740E-3
+1.00335E+2	+1.00150E-2
+1.00569E+2	+9.74602E-3
+1.00582E+2	+1.03146E-2
+1.00866E+2	+1.14519E-2
+1.00869E+2	+1.07793E-2
+1.01096E+2	+1.11401E-2
+1.01105E+2	+1.14274E-2
+1.01372E+2	+1.12379E-2
+1.01404E+2	+1.05592E-2
+1.01585E+2	+1.09750E-2
+1.01635E+2	+1.04369E-2
+1.01762E+2	+1.03574E-2
+1.01888E+2	+1.08221E-2
+1.01985E+2	+1.16903E-2
+1.02135E+2	+1.17698E-2
+1.02137E+2	+1.30355E-2
+1.02304E+2	+1.40382E-2
+1.02305E+2	+1.34084E-2
+1.02524E+2	+1.60864E-2
+1.02529E+2	+1.49920E-2
+1.02669E+2	+1.62209E-2
+1.02737E+2	+1.49247E-2
+1.02822E+2	+1.51876E-2
+1.02914E+2	+1.62393E-2
+1.03011E+2	+1.55606E-2
+1.03187E+2	+1.54750E-2
+1.03201E+2	+1.45946E-2
+1.03482E+2	+1.43500E-2
+1.03477E+2	+1.44417E-2
+1.03735E+2	+1.27603E-2
+1.03780E+2	+1.35613E-2
+1.03956E+2	+1.24301E-2
+1.04015E+2	+1.27970E-2
+1.04141E+2	+1.30293E-2
+1.04230E+2	+1.27603E-2
+1.04343E+2	+1.36469E-2
+1.04519E+2	+1.22406E-2
+1.04523E+2	+1.35062E-2
+1.04753E+2	+1.38425E-2
+1.04760E+2	+1.35857E-2
+1.04943E+2	+1.23140E-2
+1.04980E+2	+1.39893E-2
+1.05182E+2	+1.25463E-2
+1.05224E+2	+1.26258E-2
+1.05344E+2	+1.19838E-2
+1.05426E+2	+1.17637E-2
+1.05529E+2	+1.19838E-2
+1.05668E+2	+1.02229E-2
+1.05685E+2	+1.11523E-2
+1.05881E+2	+9.89276E-3
+1.05876E+2	+1.06326E-2
+1.06127E+2	+9.33637E-3
+1.06124E+2	+9.17128E-3
+1.06341E+2	+8.90837E-3
+1.06398E+2	+8.55986E-3
+1.06450E+2	+8.77997E-3
+1.06619E+2	+8.99397E-3
+1.06640E+2	+8.72495E-3
+1.06867E+2	+8.39478E-3
+1.06869E+2	+8.26027E-3
+1.07074E+2	+8.23581E-3
+1.07217E+2	+8.32141E-3
+1.07220E+2	+7.72833E-3
+1.07517E+2	+8.89003E-3
+1.07520E+2	+8.59043E-3
+1.07738E+2	+9.09791E-3
+1.07818E+2	+9.63596E-3
+1.07865E+2	+1.01312E-2
+1.08183E+2	+1.02841E-2
+1.08188E+2	+9.68487E-3
+1.08488E+2	+9.84996E-3
+1.08552E+2	+9.97836E-3
+1.08565E+2	+1.02046E-2
+1.08994E+2	+1.04125E-2
+1.09073E+2	+1.01251E-2
+1.09146E+2	+9.90499E-3
+1.09580E+2	+8.75552E-3
+1.09598E+2	+8.22358E-3
+1.09675E+2	+8.87780E-3
+1.10192E+2	+7.66108E-3
+1.10196E+2	+7.31257E-3
+1.10195E+2	+6.89069E-3
+1.10674E+2	+7.86285E-3
+1.10865E+2	+7.76502E-3
+1.10867E+2	+7.37983E-3
+1.11264E+2	+7.08023E-3
+1.11511E+2	+7.25143E-3
+1.11517E+2	+6.29150E-3
+1.11805E+2	+7.43485E-3
+1.12209E+2	+6.83566E-3
+1.12209E+2	+7.03132E-3
+1.12293E+2	+6.90292E-3
+1.12866E+2	+6.79286E-3
+1.12891E+2	+7.63662E-3
+1.12905E+2	+7.23920E-3
+1.13446E+2	+7.80170E-3
+1.13502E+2	+7.55102E-3
+1.13503E+2	+7.50822E-3
+1.13961E+2	+7.01297E-3
+1.14147E+2	+7.10469E-3
+1.14151E+2	+7.27588E-3
+1.14435E+2	+6.59110E-3
+1.14766E+2	+7.31257E-3
+1.14824E+2	+7.45931E-3
+1.14882E+2	+7.70999E-3
+1.15387E+2	+7.33091E-3
+1.15509E+2	+7.30646E-3
+1.15513E+2	+6.61555E-3
+1.15641E+2	+6.49327E-3
+1.16100E+2	+6.97629E-3
+1.16251E+2	+7.53268E-3
+1.16251E+2	+7.31868E-3
+1.16666E+2	+7.05577E-3
+1.16699E+2	+7.53268E-3
+1.16700E+2	+7.14137E-3
+1.16984E+2	+7.07412E-3
+1.17146E+2	+6.38933E-3
+1.17150E+2	+6.61555E-3
+1.17370E+2	+6.33430E-3
+1.17697E+2	+7.41040E-3
+1.17714E+2	+7.31868E-3
+1.17712E+2	+6.65224E-3
+1.18009E+2	+6.87235E-3
+1.18118E+2	+6.74395E-3
+1.18114E+2	+6.41378E-3
+1.18585E+2	+6.76841E-3
+1.18637E+2	+6.73784E-3
+1.18903E+2	+6.40767E-3
+1.19305E+2	+6.52384E-3
+1.19305E+2	+6.23647E-3
+1.19742E+2	+6.59110E-3
+1.19968E+2	+6.15699E-3
+1.19971E+2	+5.99190E-3
+1.20428E+2	+5.96133E-3
+1.20562E+2	+6.67058E-3
+1.20585E+2	+6.42601E-3
+1.21176E+2	+6.84178E-3
+1.21195E+2	+6.18756E-3
+1.21545E+2	+6.43213E-3
+1.21837E+2	+6.32207E-3
+1.21833E+2	+6.93960E-3
+1.22452E+2	+6.78064E-3
+1.22596E+2	+5.83294E-3
+1.22725E+2	+6.27927E-3
+1.23246E+2	+6.07750E-3
+1.23241E+2	+6.44435E-3
+1.23690E+2	+6.45047E-3
+1.23838E+2	+5.58225E-3
+1.24004E+2	+6.60332E-3
+1.24440E+2	+5.87574E-3
+1.24457E+2	+7.02520E-3
+1.24877E+2	+6.99463E-3
+1.25098E+2	+5.97356E-3
+1.25132E+2	+6.20590E-3
+1.25610E+2	+6.61555E-3
+1.25624E+2	+5.94299E-3
+1.25953E+2	+5.88796E-3
+1.26240E+2	+6.75006E-3
+1.26366E+2	+6.11419E-3
+1.26896E+2	+6.81121E-3
+1.26900E+2	+6.16922E-3
+1.27284E+2	+5.97968E-3
+1.27446E+2	+5.99802E-3
+1.27451E+2	+6.29761E-3
+1.27839E+2	+6.46881E-3
+1.27877E+2	+6.07139E-3
+1.27920E+2	+5.61894E-3
+1.28476E+2	+6.20590E-3
+1.28477E+2	+7.05577E-3
+1.28743E+2	+6.65835E-3
+1.29068E+2	+6.20590E-3
+1.29071E+2	+5.94299E-3
+1.29528E+2	+6.08362E-3
+1.29634E+2	+5.85739E-3
+1.29670E+2	+6.13865E-3
+1.30229E+2	+5.68620E-3
+1.30259E+2	+5.75345E-3
+1.30497E+2	+7.42874E-3
+1.30806E+2	+6.02859E-3
+1.30814E+2	+6.41990E-3
+1.31347E+2	+6.30373E-3
+1.31458E+2	+6.33430E-3
+1.31613E+2	+6.10196E-3
+1.32059E+2	+6.41378E-3
+1.32069E+2	+6.03470E-3
+1.32337E+2	+6.44435E-3
+1.32734E+2	+6.54218E-3
+1.32735E+2	+6.48104E-3
+1.33270E+2	+6.74395E-3
+1.33406E+2	+6.92126E-3
+1.33595E+2	+6.67669E-3
+1.34030E+2	+6.03470E-3
+1.34027E+2	+6.12030E-3
+1.34486E+2	+6.26093E-3
+1.34607E+2	+7.37371E-3
+1.34675E+2	+6.34041E-3
+1.35147E+2	+6.28539E-3
+1.35149E+2	+5.76568E-3
+1.35557E+2	+5.40494E-3
+1.35645E+2	+6.64001E-3
+1.35690E+2	+6.06528E-3
+1.36092E+2	+6.07139E-3
+1.36117E+2	+5.52111E-3
+1.36189E+2	+5.91242E-3
+1.36625E+2	+6.26093E-3
+1.36681E+2	+5.39271E-3
+1.36703E+2	+5.80236E-3
+1.37030E+2	+5.88796E-3
+1.37066E+2	+5.86351E-3
+1.37077E+2	+5.28877E-3
+1.37576E+2	+6.59721E-3
+1.37592E+2	+6.36487E-3
+1.37772E+2	+6.64001E-3
+1.38021E+2	+6.04082E-3
+1.38021E+2	+5.80848E-3
+1.38367E+2	+6.40156E-3
+1.38495E+2	+6.40767E-3
+1.38601E+2	+6.47493E-3
+1.38992E+2	+5.75345E-3
+1.38992E+2	+5.17260E-3
+1.39266E+2	+6.76229E-3
+1.39592E+2	+5.34380E-3
+1.39596E+2	+6.88458E-3
+1.39944E+2	+6.37710E-3
+1.40113E+2	+6.23036E-3
+1.40157E+2	+6.01025E-3
+1.40557E+2	+6.16310E-3
+1.40569E+2	+6.12642E-3
+1.40814E+2	+6.30373E-3
+1.41078E+2	+6.43213E-3
+1.41082E+2	+6.44435E-3
+1.41558E+2	+6.51773E-3
+1.41626E+2	+6.18144E-3
+1.41807E+2	+6.72561E-3
+1.42062E+2	+6.13865E-3
+1.42065E+2	+6.57275E-3
+1.42492E+2	+6.79286E-3
+1.42518E+2	+6.21202E-3
+1.42775E+2	+5.94911E-3
+1.43014E+2	+6.19367E-3
+1.43011E+2	+6.48104E-3
+1.43402E+2	+6.11419E-3
+1.43465E+2	+5.61894E-3
+1.43618E+2	+5.72288E-3
+1.43919E+2	+5.75957E-3
+1.43921E+2	+6.01025E-3
+1.44288E+2	+7.54491E-3
+1.44389E+2	+5.91853E-3
+1.44472E+2	+6.67058E-3
+1.44947E+2	+6.34041E-3
+1.44969E+2	+6.83566E-3
+1.45120E+2	+6.18144E-3
+1.45493E+2	+6.12030E-3
+1.45487E+2	+5.83294E-3
+1.45926E+2	+5.93076E-3
+1.45962E+2	+6.24259E-3
+1.46183E+2	+6.04082E-3
+1.46463E+2	+5.90019E-3
+1.46467E+2	+6.10807E-3
+1.46962E+2	+5.39271E-3
+1.47015E+2	+6.40767E-3
+1.47294E+2	+5.99190E-3
+1.47509E+2	+5.39271E-3
+1.47502E+2	+6.16310E-3
+1.47895E+2	+5.80236E-3
+1.47968E+2	+6.73172E-3
+1.48001E+2	+5.86962E-3
+1.48319E+2	+6.19367E-3
+1.48335E+2	+5.95522E-3
+1.48399E+2	+6.54218E-3
+1.48791E+2	+6.10196E-3
+1.48791E+2	+6.13865E-3
+1.49173E+2	+5.79014E-3
+1.49296E+2	+6.32207E-3
+1.49377E+2	+5.54557E-3
+1.49740E+2	+5.29489E-3
+1.49744E+2	+6.08362E-3
+1.50083E+2	+6.23647E-3
+1.50263E+2	+6.38321E-3
+1.50263E+2	+6.12030E-3
+1.50699E+2	+5.61894E-3
+1.50803E+2	+6.45658E-3
+1.50810E+2	+5.80236E-3
+1.51249E+2	+5.30712E-3
+1.51369E+2	+5.80848E-3
+1.51368E+2	+5.77791E-3
+1.51673E+2	+5.98579E-3
+1.51909E+2	+5.23986E-3
+1.51908E+2	+5.63117E-3
+1.52282E+2	+6.00413E-3
+1.52329E+2	+6.04693E-3
+1.52447E+2	+6.02248E-3
+1.52731E+2	+6.39544E-3
+1.52743E+2	+5.34992E-3
+1.53005E+2	+6.35264E-3
+1.53140E+2	+6.00413E-3
+1.53135E+2	+5.71677E-3
+1.53579E+2	+6.31596E-3
+1.53599E+2	+5.97356E-3
+1.53932E+2	+6.26704E-3
+1.54027E+2	+5.82682E-3
+1.54223E+2	+6.49938E-3
+1.54624E+2	+5.33769E-3
+1.54626E+2	+5.73511E-3
+1.55034E+2	+5.50277E-3
+1.55084E+2	+5.42329E-3
+1.55139E+2	+5.41717E-3
+1.55441E+2	+5.79625E-3
+1.55442E+2	+6.46881E-3
+1.55722E+2	+5.36826E-3
+1.55894E+2	+6.16310E-3
+1.56004E+2	+6.02859E-3
+1.56344E+2	+6.22424E-3
+1.56343E+2	+6.29150E-3
+1.56761E+2	+5.84516E-3
+1.56837E+2	+5.82682E-3
+1.56852E+2	+6.01636E-3
+1.56910E+2	+5.88796E-3
+1.56909E+2	+6.15087E-3
+1.57067E+2	+5.86962E-3
+1.57310E+2	+6.37098E-3
+1.57319E+2	+6.32819E-3
+1.57756E+2	+5.68008E-3
+1.57954E+2	+5.33157E-3
+1.58037E+2	+5.93688E-3
+1.58475E+2	+5.64951E-3
+1.58483E+2	+5.80848E-3
+1.58983E+2	+5.87574E-3
+1.59068E+2	+5.66785E-3
+1.59367E+2	+6.12642E-3
+1.59808E+2	+5.70454E-3
+1.59813E+2	+6.00413E-3
+1.60419E+2	+6.48104E-3
+1.60483E+2	+6.06528E-3
+1.60765E+2	+5.31934E-3
+1.61301E+2	+5.52111E-3
+1.61311E+2	+5.99802E-3
+1.61965E+2	+6.19979E-3
+1.61984E+2	+6.28539E-3
+1.62047E+2	+5.34380E-3
+1.62742E+2	+6.46881E-3
+1.62799E+2	+5.16649E-3
+1.63120E+2	+5.46608E-3
+1.63477E+2	+5.58837E-3
+1.63477E+2	+6.08362E-3
+1.63819E+2	+5.33769E-3
+1.64491E+2	+5.50277E-3
+1.64514E+2	+5.78402E-3
+1.64517E+2	+5.44163E-3
+1.65188E+2	+5.49054E-3
+1.65305E+2	+5.22763E-3
+1.65309E+2	+6.04693E-3
+1.65826E+2	+5.58837E-3
+1.66201E+2	+6.00413E-3
+1.66201E+2	+5.89408E-3
+1.66493E+2	+5.69842E-3
+1.67080E+2	+5.38660E-3
+1.67088E+2	+5.72899E-3
+1.67214E+2	+5.83294E-3
+1.68015E+2	+5.67397E-3
+1.68080E+2	+5.96745E-3
+1.68089E+2	+5.98579E-3
+1.68892E+2	+5.93076E-3
+1.69028E+2	+6.19979E-3
+1.69033E+2	+6.17533E-3
+1.69517E+2	+5.63117E-3
+1.70040E+2	+5.22763E-3
+1.70046E+2	+6.20590E-3
+1.70281E+2	+5.75957E-3
+1.71096E+2	+6.24259E-3
+1.71135E+2	+6.04082E-3
+1.71136E+2	+5.92465E-3
+1.71883E+2	+5.07478E-3
+1.71955E+2	+5.48443E-3
+1.71957E+2	+6.13865E-3
+1.72623E+2	+5.63117E-3
+1.72936E+2	+6.19367E-3
+1.72939E+2	+6.62778E-3
+1.73407E+2	+5.94299E-3
+1.73710E+2	+5.58837E-3
+1.73711E+2	+5.70454E-3
+1.73987E+2	+6.01636E-3
+1.74426E+2	+5.86351E-3
+1.74434E+2	+5.69231E-3
+1.74524E+2	+6.00413E-3
+1.74572E+2	+6.73172E-3
+1.74566E+2	+6.75618E-3
+1.74575E+2	+6.04082E-3
+1.74570E+2	+5.51500E-3
+1.74576E+2	+6.59721E-3
+1.74568E+2	+5.93688E-3
+1.74567E+2	+6.01636E-3
+1.74568E+2	+5.99802E-3
+1.74568E+2	+5.81459E-3
+1.74567E+2	+6.07750E-3
+1.74571E+2	+6.83566E-3
+1.74571E+2	+5.71065E-3
+1.74575E+2	+6.64001E-3
+1.74569E+2	+6.64612E-3
+1.74569E+2	+7.31257E-3
+1.74566E+2	+8.37644E-3
+1.74576E+2	+8.51706E-3
+1.74568E+2	+8.41924E-3
+1.74568E+2	+8.81055E-3
+1.74572E+2	+9.59928E-3
+1.74563E+2	+9.26300E-3
+1.74568E+2	+9.77047E-3
+1.74569E+2	+1.06631E-2
+1.74561E+2	+9.37305E-3
+1.74567E+2	+9.26911E-3
+1.74562E+2	+9.97224E-3
+1.74568E+2	+9.70322E-3
+1.74566E+2	+1.10606E-2
+1.74570E+2	+1.10789E-2
+1.74572E+2	+1.08282E-2
+1.74568E+2	+1.14824E-2
