+1.45933E-1	+6.16799E-2
+1.43855E-1	+6.28233E-2
+1.43429E-1	+6.52323E-2
+1.45045E-1	+6.60577E-2
+1.44299E-1	+6.80081E-2
+1.46483E-1	+6.79164E-2
+1.44530E-1	+6.57398E-2
+1.45382E-1	+6.21140E-2
+1.44353E-1	+5.79564E-2
+1.43358E-1	+5.55107E-2
+1.44424E-1	+5.26737E-2
+1.42417E-1	+5.13164E-2
+1.42204E-1	+4.95983E-2
+1.45116E-1	+4.91825E-2
+1.44193E-1	+4.90052E-2
+1.44601E-1	+5.00752E-2
+1.43909E-1	+5.01058E-2
+1.42293E-1	+5.01975E-2
+1.43571E-1	+5.05521E-2
+1.42985E-1	+5.03687E-2
+1.41583E-1	+5.04359E-2
+1.42382E-1	+5.08700E-2
+1.42595E-1	+5.04298E-2
+1.42257E-1	+5.13347E-2
+1.42843E-1	+5.08211E-2
+1.42399E-1	+5.18483E-2
+1.15979E-1	+5.55046E-2
+1.24271E-1	+5.65134E-2
+1.30716E-1	+5.58837E-2
+4.93604E-3	+5.78463E-2
+1.20738E-3	+6.20835E-2
-2.13067E-4	+6.30067E-2
+1.17187E-3	+6.30373E-2
-8.34511E-4	+6.37404E-2
+1.14559E-1	+6.55319E-2
+2.14878E-1	+6.51345E-2
+2.14949E-1	+6.55074E-2
+2.15410E-1	+6.52751E-2
+4.78867E-1	+6.41073E-2
+7.39980E-1	+6.10074E-2
+7.93886E-1	+6.02370E-2
+7.93904E-1	+5.99496E-2
+8.95892E-1	+5.79625E-2
+1.16141E+0	+5.27716E-2
+1.43458E+0	+4.85222E-2
+1.43566E+0	+4.81003E-2
+1.43483E+0	+4.83143E-2
+1.69276E+0	+4.48781E-2
+1.98834E+0	+4.24753E-2
+2.05691E+0	+4.28360E-2
+2.05963E+0	+4.28115E-2
+2.18935E+0	+4.23469E-2
+2.46589E+0	+4.16009E-2
+2.68208E+0	+4.09834E-2
+2.68281E+0	+4.21390E-2
+2.68579E+0	+4.17844E-2
+2.84215E+0	+4.08611E-2
+3.07485E+0	+4.05738E-2
+3.34823E+0	+4.03536E-2
+3.39273E+0	+4.05921E-2
+3.39397E+0	+4.08978E-2
+3.42188E+0	+4.17293E-2
+3.65287E+0	+4.18333E-2
+3.83852E+0	+4.28177E-2
+4.01689E+0	+4.37470E-2
+4.17703E+0	+4.49821E-2
+4.31968E+0	+4.60521E-2
+4.34121E+0	+4.51777E-2
+4.44839E+0	+4.61316E-2
+4.69123E+0	+4.65412E-2
+4.99895E+0	+4.72260E-2
+5.08941E+0	+4.69631E-2
+5.09414E+0	+4.67063E-2
+5.30023E+0	+4.61193E-2
+5.64747E+0	+4.47192E-2
+5.85752E+0	+4.36064E-2
+5.85629E+0	+4.28605E-2
+5.85701E+0	+4.29033E-2
+6.05406E+0	+4.20412E-2
+6.31199E+0	+4.06716E-2
+6.38669E+0	+3.95160E-2
+6.38608E+0	+3.56335E-2
+6.38751E+0	+3.05343E-2
+6.60727E+0	+2.79846E-2
+6.89933E+0	+2.77706E-2
+6.97887E+0	+2.61015E-2
+6.98335E+0	+2.44812E-2
+6.98370E+0	+2.46769E-2
+6.98441E+0	+2.28365E-2
+7.04748E+0	+2.12346E-2
+7.30275E+0	+2.20783E-2
+7.63080E+0	+2.51477E-2
+7.68391E+0	+2.46218E-2
+7.68410E+0	+2.40960E-2
+7.68384E+0	+2.41021E-2
+7.89854E+0	+2.71776E-2
+8.21251E+0	+3.02530E-2
+8.33012E+0	+3.09256E-2
+8.33829E+0	+3.10173E-2
+8.34060E+0	+3.08889E-2
+8.34745E+0	+3.17143E-2
+8.71835E+0	+3.10845E-2
+9.06137E+0	+2.83148E-2
+9.09952E+0	+2.87550E-2
+9.10453E+0	+2.86633E-2
+9.30128E+0	+2.64316E-2
+9.63702E+0	+2.19683E-2
+9.83009E+0	+1.88072E-2
+9.82961E+0	+1.83731E-2
+9.82919E+0	+1.84221E-2
+9.83105E+0	+1.87950E-2
+9.82974E+0	+1.83915E-2
+9.98984E+0	+1.53099E-2
+1.01634E+1	+1.30355E-2
+1.03774E+1	+9.18963E-3
+1.06499E+1	+7.40428E-3
+1.07530E+1	+6.15699E-3
+1.07557E+1	+5.94911E-3
+1.08282E+1	+5.79014E-3
+1.11707E+1	+5.73511E-3
+1.14297E+1	+6.76229E-3
+1.14326E+1	+6.26704E-3
+1.14366E+1	+7.50211E-3
+1.17146E+1	+7.33091E-3
+1.20162E+1	+6.97629E-3
+1.20963E+1	+6.77452E-3
+1.21083E+1	+6.59110E-3
+1.22645E+1	+6.21202E-3
+1.26984E+1	+4.25548E-3
+1.28604E+1	+4.13319E-3
+1.28619E+1	+4.11485E-3
+1.29524E+1	+4.95249E-3
+1.33772E+1	+7.09857E-3
+1.36890E+1	+1.02657E-2
+1.36904E+1	+1.08038E-2
+1.36931E+1	+1.02657E-2
+1.39476E+1	+1.31333E-2
+1.42989E+1	+1.43561E-2
+1.44842E+1	+1.47352E-2
+1.44964E+1	+1.41971E-2
+1.45713E+1	+1.43806E-2
+1.48464E+1	+1.44601E-2
+1.50766E+1	+1.54383E-2
+1.52907E+1	+1.69913E-2
+1.54806E+1	+2.11123E-2
+1.56073E+1	+2.39187E-2
+1.56050E+1	+2.42305E-2
+1.56057E+1	+2.40654E-2
+1.56059E+1	+2.45729E-2
+1.56862E+1	+2.66334E-2
+1.58853E+1	+3.43189E-2
+1.60622E+1	+4.32701E-2
+1.62252E+1	+5.26798E-2
+1.63719E+1	+6.25909E-2
+1.65275E+1	+7.36087E-2
+1.66652E+1	+8.31774E-2
+1.67592E+1	+9.22448E-2
+1.68169E+1	+9.57482E-2
+1.68347E+1	+9.85363E-2
+1.68349E+1	+9.81205E-2
+1.68347E+1	+9.76252E-2
+1.68367E+1	+9.92088E-2
+1.69688E+1	+1.08686E-1
+1.71223E+1	+1.21996E-1
+1.72877E+1	+1.40828E-1
+1.74658E+1	+1.58932E-1
+1.76022E+1	+1.74358E-1
+1.77397E+1	+1.86758E-1
+1.78628E+1	+1.95666E-1
+1.79087E+1	+2.00166E-1
+1.79114E+1	+2.00056E-1
+1.79239E+1	+1.99090E-1
+1.79228E+1	+1.99616E-1
+1.80493E+1	+2.06556E-1
+1.81995E+1	+2.13746E-1
+1.83538E+1	+2.16748E-1
+1.85022E+1	+2.15195E-1
+1.86504E+1	+2.11533E-1
+1.88078E+1	+2.02233E-1
+1.90306E+1	+1.84465E-1
+1.91109E+1	+1.76455E-1
+1.91095E+1	+1.76547E-1
+1.91091E+1	+1.76180E-1
+1.91089E+1	+1.76535E-1
+1.91083E+1	+1.76749E-1
+1.92244E+1	+1.65419E-1
+1.93507E+1	+1.49223E-1
+1.95174E+1	+1.30489E-1
+1.97128E+1	+1.10881E-1
+1.98692E+1	+9.67020E-2
+2.00055E+1	+8.49077E-2
+2.01695E+1	+7.27711E-2
+2.03418E+1	+6.48899E-2
+2.04180E+1	+6.15515E-2
+2.04177E+1	+6.12642E-2
+2.04166E+1	+6.15149E-2
+2.04169E+1	+6.10685E-2
+2.04182E+1	+6.14231E-2
+2.04185E+1	+6.10807E-2
+2.05088E+1	+5.65807E-2
+2.06360E+1	+5.32240E-2
+2.07332E+1	+4.98368E-2
+2.08818E+1	+4.63272E-2
+2.10260E+1	+4.33985E-2
+2.11178E+1	+4.01396E-2
+2.12548E+1	+3.66790E-2
+2.13504E+1	+3.27965E-2
+2.14333E+1	+3.02775E-2
+2.15074E+1	+2.79052E-2
+2.15173E+1	+2.78929E-2
+2.15185E+1	+2.82109E-2
+2.15177E+1	+2.78746E-2
+2.15909E+1	+2.56185E-2
+2.17336E+1	+2.04703E-2
+2.18831E+1	+1.59580E-2
+2.19777E+1	+1.29621E-2
+2.20494E+1	+1.13174E-2
+2.21847E+1	+9.22631E-3
+2.23301E+1	+8.13799E-3
+2.25114E+1	+9.06123E-3
+2.26764E+1	+1.11217E-2
+2.27322E+1	+1.14763E-2
+2.27299E+1	+1.12440E-2
+2.27312E+1	+1.16353E-2
+2.27327E+1	+1.13907E-2
+2.27320E+1	+1.15742E-2
+2.28685E+1	+1.33595E-2
+2.29638E+1	+1.52671E-2
+2.30668E+1	+1.72420E-2
+2.31975E+1	+1.87950E-2
+2.33439E+1	+1.92291E-2
+2.35035E+1	+1.97672E-2
+2.36630E+1	+1.90763E-2
+2.38316E+1	+1.75049E-2
+2.39718E+1	+1.68140E-2
+2.39950E+1	+1.69424E-2
+2.39952E+1	+1.67896E-2
+2.39893E+1	+1.72420E-2
+2.39924E+1	+1.67651E-2
+2.41099E+1	+1.64777E-2
+2.42055E+1	+1.74682E-2
+2.43500E+1	+2.05681E-2
+2.44524E+1	+2.42244E-2
+2.45953E+1	+3.07116E-2
+2.47612E+1	+4.16499E-2
+2.49359E+1	+5.53762E-2
+2.50678E+1	+6.99463E-2
+2.51272E+1	+7.30156E-2
+2.51271E+1	+7.34742E-2
+2.51268E+1	+7.36026E-2
+2.51261E+1	+7.34987E-2
+2.51262E+1	+7.43852E-2
+2.52061E+1	+8.48527E-2
+2.53310E+1	+9.81633E-2
+2.54533E+1	+1.13119E-1
+2.56077E+1	+1.32305E-1
+2.57641E+1	+1.52537E-1
+2.59124E+1	+1.72989E-1
+2.60692E+1	+1.96779E-1
+2.62173E+1	+2.18808E-1
+2.63524E+1	+2.43394E-1
+2.64612E+1	+2.68456E-1
+2.65466E+1	+2.86694E-1
+2.66163E+1	+3.01576E-1
+2.66321E+1	+3.02059E-1
+2.66292E+1	+3.02414E-1
+2.66301E+1	+3.02059E-1
+2.66298E+1	+3.02573E-1
+2.66323E+1	+3.02328E-1
+2.66348E+1	+3.04138E-1
+2.67431E+1	+3.21655E-1
+2.68440E+1	+3.48454E-1
+2.70079E+1	+3.89608E-1
+2.72105E+1	+4.35673E-1
+2.73771E+1	+4.74455E-1
+2.75420E+1	+5.11275E-1
+2.76902E+1	+5.38831E-1
+2.77700E+1	+5.51665E-1
+2.77766E+1	+5.51873E-1
+2.77772E+1	+5.51530E-1
+2.77776E+1	+5.51090E-1
+2.77766E+1	+5.51610E-1
+2.78962E+1	+5.67476E-1
+2.80025E+1	+5.79350E-1
+2.81324E+1	+5.85562E-1
+2.82290E+1	+5.86497E-1
+2.83596E+1	+5.80053E-1
+2.85223E+1	+5.63196E-1
+2.86681E+1	+5.38232E-1
+2.87758E+1	+5.13629E-1
+2.89228E+1	+4.80753E-1
+2.89991E+1	+4.65858E-1
+2.89973E+1	+4.65858E-1
+2.89980E+1	+4.64898E-1
+2.89989E+1	+4.63559E-1
+2.90075E+1	+4.52798E-1
+2.91430E+1	+4.22912E-1
+2.92419E+1	+3.89443E-1
+2.93681E+1	+3.55558E-1
+2.94663E+1	+3.22218E-1
+2.96165E+1	+2.86694E-1
+2.97728E+1	+2.47747E-1
+2.99209E+1	+2.17635E-1
+3.00390E+1	+1.96284E-1
+3.01550E+1	+1.76669E-1
+3.02465E+1	+1.64233E-1
+3.02623E+1	+1.64001E-1
+3.02640E+1	+1.63243E-1
+3.02648E+1	+1.62674E-1
+3.02637E+1	+1.63408E-1
+3.02717E+1	+1.57697E-1
+3.03964E+1	+1.46117E-1
+3.05219E+1	+1.34665E-1
+3.06874E+1	+1.17882E-1
+3.08424E+1	+1.01006E-1
+3.10023E+1	+8.57393E-2
+3.11533E+1	+7.11692E-2
+3.13023E+1	+5.80664E-2
+3.13832E+1	+5.11941E-2
+3.13811E+1	+5.05705E-2
+3.13839E+1	+5.07967E-2
+3.13840E+1	+5.01425E-2
+3.13829E+1	+5.01914E-2
+3.14635E+1	+4.51044E-2
+3.15690E+1	+3.59881E-2
+3.16949E+1	+2.65539E-2
+3.18505E+1	+1.96877E-2
+3.20134E+1	+1.47597E-2
+3.21465E+1	+1.31394E-2
+3.22715E+1	+1.33350E-2
+3.23804E+1	+1.40993E-2
+3.24602E+1	+1.55912E-2
+3.24646E+1	+1.51938E-2
+3.24641E+1	+1.52916E-2
+3.24631E+1	+1.57440E-2
+3.24626E+1	+1.53894E-2
+3.24647E+1	+1.59641E-2
+3.25339E+1	+1.69546E-2
+3.26114E+1	+1.86788E-2
+3.27208E+1	+2.16075E-2
+3.28490E+1	+2.33807E-2
+3.29968E+1	+2.54962E-2
+3.30966E+1	+2.61320E-2
+3.32381E+1	+2.44017E-2
+3.33857E+1	+2.26225E-2
+3.34668E+1	+2.11612E-2
+3.35323E+1	+2.04336E-2
+3.35333E+1	+2.00790E-2
+3.35351E+1	+2.06721E-2
+3.35363E+1	+2.06415E-2
+3.35355E+1	+2.02135E-2
+3.35336E+1	+2.04092E-2
+3.36067E+1	+1.95226E-2
+3.36919E+1	+1.85138E-2
+3.38704E+1	+1.92475E-2
+3.40631E+1	+2.55329E-2
+3.42136E+1	+3.50649E-2
+3.43586E+1	+5.01180E-2
+3.44539E+1	+6.23953E-2
+3.44539E+1	+6.28416E-2
+3.44561E+1	+6.30862E-2
+3.44582E+1	+6.28355E-2
+3.44568E+1	+6.30862E-2
+3.44554E+1	+6.46453E-2
+3.45780E+1	+8.05361E-2
+3.47237E+1	+1.05849E-1
+3.48892E+1	+1.35221E-1
+3.50609E+1	+1.68825E-1
+3.52094E+1	+1.97910E-1
+3.53594E+1	+2.27625E-1
+3.55013E+1	+2.54687E-1
+3.55975E+1	+2.72656E-1
+3.55995E+1	+2.73054E-1
+3.56010E+1	+2.73353E-1
+3.56052E+1	+2.73365E-1
+3.56024E+1	+2.73439E-1
+3.56472E+1	+2.81075E-1
+3.57557E+1	+3.00580E-1
+3.59043E+1	+3.22799E-1
+3.60547E+1	+3.52061E-1
+3.62759E+1	+3.95802E-1
+3.64574E+1	+4.48519E-1
+3.66283E+1	+5.04078E-1
+3.66731E+1	+5.20660E-1
+3.66778E+1	+5.20972E-1
+3.66772E+1	+5.21822E-1
+3.66787E+1	+5.22757E-1
+3.66802E+1	+5.22977E-1
+3.66813E+1	+5.22476E-1
+3.67493E+1	+5.43906E-1
+3.69010E+1	+5.97173E-1
+3.69981E+1	+6.45377E-1
+3.71381E+1	+6.95122E-1
+3.72888E+1	+7.49636E-1
+3.74606E+1	+8.06260E-1
+3.76710E+1	+8.59111E-1
+3.79126E+1	+8.95576E-1
+3.80015E+1	+9.01189E-1
+3.80015E+1	+9.02613E-1
+3.80052E+1	+9.02387E-1
+3.80045E+1	+9.02314E-1
+3.80071E+1	+9.01745E-1
+3.80062E+1	+9.02748E-1
+3.81476E+1	+9.03371E-1
+3.82997E+1	+8.94072E-1
+3.84392E+1	+8.77912E-1
+3.85433E+1	+8.57594E-1
+3.86950E+1	+8.22878E-1
+3.88428E+1	+7.80342E-1
+3.89857E+1	+7.31074E-1
+3.91284E+1	+6.73178E-1
+3.92269E+1	+6.24888E-1
+3.92394E+1	+6.21892E-1
+3.92363E+1	+6.23329E-1
+3.92386E+1	+6.20651E-1
+3.92378E+1	+6.22449E-1
+3.93523E+1	+5.76134E-1
+3.94856E+1	+5.16741E-1
+3.96247E+1	+4.60637E-1
+3.97794E+1	+4.03255E-1
+3.99346E+1	+3.52789E-1
+4.01128E+1	+3.00824E-1
+4.02996E+1	+2.58679E-1
+4.04441E+1	+2.24073E-1
+4.05983E+1	+1.96730E-1
+4.06056E+1	+1.92511E-1
+4.06061E+1	+1.92774E-1
+4.06083E+1	+1.92322E-1
+4.06072E+1	+1.91723E-1
+4.06110E+1	+1.90995E-1
+4.07045E+1	+1.72224E-1
+4.08990E+1	+1.39997E-1
+4.10598E+1	+1.14048E-1
+4.12152E+1	+8.91938E-2
+4.13580E+1	+6.83444E-2
+4.14869E+1	+4.98306E-2
+4.16678E+1	+3.34507E-2
+4.18270E+1	+2.30505E-2
+4.18393E+1	+2.18582E-2
+4.18341E+1	+2.17543E-2
+4.18364E+1	+2.20844E-2
+4.18387E+1	+2.19805E-2
+4.18346E+1	+2.19438E-2
+4.18435E+1	+2.01463E-2
+4.19829E+1	+1.66489E-2
+4.21395E+1	+1.65328E-2
+4.22887E+1	+1.79696E-2
+4.24324E+1	+2.07088E-2
+4.25536E+1	+2.39798E-2
+4.26782E+1	+2.65478E-2
+4.28187E+1	+2.71653E-2
+4.29561E+1	+2.68780E-2
+4.30513E+1	+2.54167E-2
+4.31263E+1	+2.42794E-2
+4.31298E+1	+2.45118E-2
+4.31288E+1	+2.44201E-2
+4.31315E+1	+2.41449E-2
+4.31310E+1	+2.45301E-2
+4.31320E+1	+2.50621E-2
+4.31316E+1	+2.45179E-2
+4.32311E+1	+2.25369E-2
+4.33748E+1	+2.01829E-2
+4.35343E+1	+1.74316E-2
+4.37081E+1	+1.95287E-2
+4.38288E+1	+2.58997E-2
+4.40019E+1	+3.99685E-2
+4.41859E+1	+6.46147E-2
+4.43632E+1	+9.48494E-2
+4.44494E+1	+1.18206E-1
+4.44903E+1	+1.20358E-1
+4.44963E+1	+1.20822E-1
+4.44920E+1	+1.21299E-1
+4.44923E+1	+1.21935E-1
+4.44915E+1	+1.20829E-1
+4.44948E+1	+1.25023E-1
+4.45894E+1	+1.45793E-1
+4.47070E+1	+1.74970E-1
+4.48267E+1	+2.02746E-1
+4.49583E+1	+2.30383E-1
+4.50875E+1	+2.59138E-1
+4.52367E+1	+2.87984E-1
+4.53856E+1	+3.15645E-1
+4.55156E+1	+3.40872E-1
+4.56768E+1	+3.69792E-1
+4.57931E+1	+3.89266E-1
+4.58820E+1	+4.12628E-1
+4.59880E+1	+4.38919E-1
+4.61071E+1	+4.65008E-1
+4.61046E+1	+4.69099E-1
+4.61086E+1	+4.69032E-1
+4.61103E+1	+4.69912E-1
+4.61109E+1	+4.70322E-1
+4.61107E+1	+4.70603E-1
+4.61112E+1	+4.70322E-1
+4.61103E+1	+4.70646E-1
+4.61821E+1	+4.88854E-1
+4.62691E+1	+5.22622E-1
+4.64137E+1	+5.68418E-1
+4.65452E+1	+6.18193E-1
+4.66657E+1	+6.74224E-1
+4.68551E+1	+7.48695E-1
+4.71063E+1	+8.53223E-1
+4.73213E+1	+9.27730E-1
+4.73935E+1	+9.44355E-1
+4.73934E+1	+9.46140E-1
+4.73964E+1	+9.48091E-1
+4.73941E+1	+9.48286E-1
+4.73930E+1	+9.48580E-1
+4.73952E+1	+9.57671E-1
+4.74863E+1	+9.80031E-1
+4.75978E+1	+9.99633E-1
+4.77156E+1	+1.01873E+0
+4.79031E+1	+1.02257E+0
+4.80859E+1	+1.00261E+0
+4.83036E+1	+9.54627E-1
+4.85032E+1	+8.82241E-1
+4.86869E+1	+8.12747E-1
+4.86907E+1	+8.09726E-1
+4.86921E+1	+8.11218E-1
+4.86914E+1	+8.09745E-1
+4.86919E+1	+8.11261E-1
+4.86948E+1	+8.12258E-1
+4.86942E+1	+8.09604E-1
+4.88258E+1	+7.58918E-1
+4.89940E+1	+6.77220E-1
+4.91615E+1	+5.89139E-1
+4.93462E+1	+4.92706E-1
+4.95553E+1	+4.08507E-1
+4.97214E+1	+3.51737E-1
+4.97345E+1	+3.49151E-1
+4.97372E+1	+3.50147E-1
+4.97488E+1	+3.48093E-1
+4.97490E+1	+3.51150E-1
+4.97545E+1	+3.49994E-1
+4.97502E+1	+3.51933E-1
+4.97523E+1	+3.51706E-1
+4.98276E+1	+3.23942E-1
+4.99158E+1	+2.96422E-1
+4.99973E+1	+2.73781E-1
+5.01368E+1	+2.45931E-1
+5.03012E+1	+2.11251E-1
+5.05143E+1	+1.72781E-1
+5.07487E+1	+1.34200E-1
+5.09919E+1	+9.29907E-2
+5.12344E+1	+5.69476E-2
+5.13044E+1	+4.71526E-2
+5.13052E+1	+4.70242E-2
+5.13021E+1	+4.68897E-2
+5.13127E+1	+4.69325E-2
+5.13162E+1	+4.69998E-2
+5.13171E+1	+4.72077E-2
+5.13159E+1	+4.71893E-2
+5.14042E+1	+3.99257E-2
+5.15115E+1	+2.93175E-2
+5.16564E+1	+2.14975E-2
+5.17510E+1	+1.72298E-2
+5.18688E+1	+1.61292E-2
+5.19733E+1	+1.60925E-2
+5.21382E+1	+1.80797E-2
+5.23036E+1	+2.11184E-2
+5.25100E+1	+2.22128E-2
+5.27401E+1	+2.16503E-2
+5.28738E+1	+1.94187E-2
+5.28946E+1	+1.99751E-2
+5.28929E+1	+1.94798E-2
+5.28944E+1	+1.91741E-2
+5.28938E+1	+1.94492E-2
+5.28895E+1	+1.90640E-2
+5.30469E+1	+1.75172E-2
+5.32068E+1	+1.68752E-2
+5.33533E+1	+1.96449E-2
+5.34817E+1	+2.50070E-2
+5.35907E+1	+3.47530E-2
+5.37318E+1	+4.93904E-2
+5.38675E+1	+6.56603E-2
+5.40054E+1	+9.33086E-2
+5.41656E+1	+1.20688E-1
+5.42052E+1	+1.23439E-1
+5.41984E+1	+1.22039E-1
+5.42044E+1	+1.22742E-1
+5.42035E+1	+1.22278E-1
+5.42023E+1	+1.28367E-1
+5.43200E+1	+1.50794E-1
+5.44409E+1	+1.75068E-1
+5.45472E+1	+1.95636E-1
+5.46469E+1	+2.12401E-1
+5.47477E+1	+2.30236E-1
+5.48576E+1	+2.51159E-1
+5.50193E+1	+2.78086E-1
+5.51834E+1	+3.04517E-1
+5.53461E+1	+3.30178E-1
+5.55104E+1	+3.56421E-1
+5.55132E+1	+3.59221E-1
+5.55177E+1	+3.58823E-1
+5.55169E+1	+3.57185E-1
+5.55136E+1	+3.58585E-1
+5.55215E+1	+3.57870E-1
+5.56110E+1	+3.75411E-1
+5.57818E+1	+4.10348E-1
+5.59744E+1	+4.55813E-1
+5.61249E+1	+5.12094E-1
+5.62815E+1	+5.78476E-1
+5.64601E+1	+6.53912E-1
+5.66516E+1	+7.25693E-1
+5.67134E+1	+7.48756E-1
+5.67259E+1	+7.47313E-1
+5.67239E+1	+7.47160E-1
+5.67259E+1	+7.46408E-1
+5.67249E+1	+7.45937E-1
+5.67270E+1	+7.46096E-1
+5.67242E+1	+7.46310E-1
+5.68078E+1	+7.84053E-1
+5.69110E+1	+8.21973E-1
+5.70282E+1	+8.49267E-1
+5.71038E+1	+8.68141E-1
+5.72133E+1	+8.83421E-1
+5.73429E+1	+8.93112E-1
+5.75097E+1	+8.91235E-1
+5.76962E+1	+8.70037E-1
+5.79558E+1	+8.08375E-1
+5.80782E+1	+7.70834E-1
+5.80807E+1	+7.69880E-1
+5.80790E+1	+7.70504E-1
+5.80780E+1	+7.71274E-1
+5.80778E+1	+7.72448E-1
+5.81191E+1	+7.57028E-1
+5.82310E+1	+7.11575E-1
+5.83702E+1	+6.50409E-1
+5.85215E+1	+5.84339E-1
+5.86158E+1	+5.29776E-1
+5.87564E+1	+4.65754E-1
+5.89077E+1	+4.00100E-1
+5.90570E+1	+3.38928E-1
+5.92289E+1	+2.79296E-1
+5.94597E+1	+2.19628E-1
+5.96506E+1	+1.88158E-1
+5.96502E+1	+1.84899E-1
+5.96540E+1	+1.88121E-1
+5.96510E+1	+1.88372E-1
+5.96501E+1	+1.88928E-1
+5.96517E+1	+1.89515E-1
+5.96556E+1	+1.87602E-1
+5.97472E+1	+1.73973E-1
+5.98852E+1	+1.54255E-1
+6.00363E+1	+1.35876E-1
+6.01802E+1	+1.19269E-1
+6.03283E+1	+1.02859E-1
+6.04521E+1	+8.51584E-2
+6.05589E+1	+7.04721E-2
+6.06644E+1	+5.76140E-2
+6.07849E+1	+4.80881E-2
+6.08002E+1	+4.64067E-2
+6.07970E+1	+4.60949E-2
+6.08049E+1	+4.51533E-2
+6.08046E+1	+4.57158E-2
+6.08060E+1	+4.60460E-2
+6.08093E+1	+4.26404E-2
+6.09904E+1	+3.18182E-2
+6.11642E+1	+2.19255E-2
+6.13350E+1	+1.58847E-2
+6.15409E+1	+1.32372E-2
+6.17670E+1	+1.21611E-2
+6.18570E+1	+1.34634E-2
+6.18572E+1	+1.31394E-2
+6.18579E+1	+1.34573E-2
+6.18589E+1	+1.34818E-2
+6.18576E+1	+1.32984E-2
+6.18607E+1	+1.37630E-2
+6.19871E+1	+1.36836E-2
+6.20667E+1	+1.39465E-2
+6.21527E+1	+1.40076E-2
+6.22780E+1	+1.36285E-2
+6.23832E+1	+1.34451E-2
+6.25334E+1	+1.15680E-2
+6.26818E+1	+1.10117E-2
+6.28710E+1	+1.17943E-2
+6.31137E+1	+1.91680E-2
+6.32837E+1	+2.92564E-2
+6.33170E+1	+2.88284E-2
+6.33284E+1	+2.84860E-2
+6.33334E+1	+2.95071E-2
+6.33343E+1	+2.94643E-2
+6.33403E+1	+2.87489E-2
+6.34094E+1	+3.56335E-2
+6.35569E+1	+5.18911E-2
+6.37357E+1	+7.52657E-2
+6.39235E+1	+1.00487E-1
+6.41056E+1	+1.25396E-1
+6.42284E+1	+1.41372E-1
+6.42295E+1	+1.43959E-1
+6.42319E+1	+1.43812E-1
+6.42282E+1	+1.43836E-1
+6.42304E+1	+1.43488E-1
+6.43142E+1	+1.54114E-1
+6.45169E+1	+1.73777E-1
+6.46799E+1	+1.88659E-1
+6.48343E+1	+2.03052E-1
+6.50398E+1	+2.20789E-1
+6.51939E+1	+2.40092E-1
+6.53337E+1	+2.58899E-1
+6.54240E+1	+2.78410E-1
+6.54346E+1	+2.79162E-1
+6.54318E+1	+2.79376E-1
+6.54352E+1	+2.79345E-1
+6.54365E+1	+2.78960E-1
+6.54360E+1	+2.79608E-1
+6.54352E+1	+2.79657E-1
+6.55116E+1	+2.93145E-1
+6.55955E+1	+3.13780E-1
+6.57437E+1	+3.48937E-1
+6.59140E+1	+3.95741E-1
+6.60873E+1	+4.48763E-1
+6.63511E+1	+5.23038E-1
+6.66343E+1	+5.81741E-1
+6.69161E+1	+6.10581E-1
+6.70638E+1	+6.14531E-1
+6.70734E+1	+6.12348E-1
+6.70788E+1	+6.13290E-1
+6.70725E+1	+6.11003E-1
+6.70761E+1	+6.12324E-1
+6.70913E+1	+6.11523E-1
+6.72217E+1	+6.05739E-1
+6.73407E+1	+5.94733E-1
+6.74463E+1	+5.79160E-1
+6.75826E+1	+5.53725E-1
+6.77364E+1	+5.13127E-1
+6.78439E+1	+4.73856E-1
+6.80225E+1	+4.21965E-1
+6.81946E+1	+3.56433E-1
+6.84162E+1	+2.90650E-1
+6.86373E+1	+2.25907E-1
+6.88422E+1	+1.77843E-1
+6.89656E+1	+1.52861E-1
+6.89708E+1	+1.51766E-1
+6.89672E+1	+1.51638E-1
+6.89748E+1	+1.52164E-1
+6.89765E+1	+1.50758E-1
+6.90284E+1	+1.41965E-1
+6.91601E+1	+1.25824E-1
+6.93180E+1	+1.08851E-1
+6.94828E+1	+9.52774E-2
+6.96103E+1	+8.67359E-2
+6.97618E+1	+7.72405E-2
+6.99044E+1	+6.89803E-2
+7.00527E+1	+6.12091E-2
+7.02115E+1	+5.03320E-2
+7.04207E+1	+3.85377E-2
+7.06052E+1	+2.87673E-2
+7.07097E+1	+2.45729E-2
+7.07270E+1	+2.45179E-2
+7.07271E+1	+2.44384E-2
+7.07236E+1	+2.42244E-2
+7.07253E+1	+2.41510E-2
+7.07278E+1	+2.28854E-2
+7.08655E+1	+1.74805E-2
+7.10135E+1	+1.29437E-2
+7.11075E+1	+1.10606E-2
+7.11950E+1	+9.81939E-3
+7.12603E+1	+8.65158E-3
+7.13725E+1	+8.29695E-3
+7.15361E+1	+7.31868E-3
+7.16588E+1	+7.06800E-3
+7.18621E+1	+7.57548E-3
+7.20413E+1	+7.28811E-3
+7.22219E+1	+7.12914E-3
+7.22468E+1	+6.31596E-3
+7.22588E+1	+6.42601E-3
+7.22586E+1	+6.79286E-3
+7.22631E+1	+6.60944E-3
+7.22644E+1	+6.92126E-3
+7.22785E+1	+7.20863E-3
+7.23779E+1	+6.47493E-3
+7.25287E+1	+5.71677E-3
+7.27012E+1	+7.14749E-3
+7.28518E+1	+7.98513E-3
+7.29804E+1	+1.05164E-2
+7.31210E+1	+1.35429E-2
+7.31289E+1	+1.48758E-2
+7.31958E+1	+1.66489E-2
+7.32543E+1	+1.87033E-2
+7.33481E+1	+2.25919E-2
+7.34772E+1	+2.84615E-2
+7.36338E+1	+3.48386E-2
+7.37077E+1	+3.79202E-2
+7.37146E+1	+3.81892E-2
+7.37180E+1	+3.80792E-2
+7.37162E+1	+3.86233E-2
+7.37151E+1	+3.83665E-2
+7.37163E+1	+3.82626E-2
+7.37670E+1	+4.14725E-2
+7.38993E+1	+4.84794E-2
+7.40683E+1	+5.54618E-2
+7.41978E+1	+6.12825E-2
+7.43195E+1	+6.76229E-2
+7.44017E+1	+7.09918E-2
+7.44842E+1	+7.54002E-2
+7.46093E+1	+8.03099E-2
+7.47132E+1	+8.74757E-2
+7.48424E+1	+9.66225E-2
+7.49302E+1	+1.03917E-1
+7.49882E+1	+1.06968E-1
+7.49891E+1	+1.06595E-1
+7.49897E+1	+1.07304E-1
+7.49868E+1	+1.07035E-1
+7.49865E+1	+1.07114E-1
+7.49886E+1	+1.07640E-1
+7.49856E+1	+1.07273E-1
+7.49893E+1	+1.07940E-1
+7.50648E+1	+1.14983E-1
+7.51958E+1	+1.28160E-1
+7.52957E+1	+1.41806E-1
+7.54500E+1	+1.59776E-1
+7.56568E+1	+1.83768E-1
+7.58126E+1	+2.04899E-1
+7.60178E+1	+2.26482E-1
+7.62038E+1	+2.45509E-1
+7.63490E+1	+2.53451E-1
+7.63821E+1	+2.53910E-1
+7.63839E+1	+2.54038E-1
+7.63810E+1	+2.54069E-1
+7.63853E+1	+2.54631E-1
+7.63804E+1	+2.55543E-1
+7.64763E+1	+2.56710E-1
+7.66126E+1	+2.55922E-1
+7.67966E+1	+2.44757E-1
+7.69981E+1	+2.26066E-1
+7.72365E+1	+1.89980E-1
+7.75110E+1	+1.45377E-1
+7.77633E+1	+1.03409E-1
+7.78266E+1	+9.61578E-2
+7.78270E+1	+9.62740E-2
+7.78271E+1	+9.69343E-2
+7.78268E+1	+9.64391E-2
+7.78304E+1	+9.26177E-2
+7.80398E+1	+7.18845E-2
+7.82099E+1	+5.38843E-2
+7.83350E+1	+4.58503E-2
+7.84795E+1	+3.87823E-2
+7.86619E+1	+3.26314E-2
+7.89307E+1	+2.91280E-2
+7.92519E+1	+2.64255E-2
+7.94377E+1	+2.50743E-2
+7.94645E+1	+2.37047E-2
+7.94662E+1	+2.41633E-2
+7.94652E+1	+2.40104E-2
+7.94658E+1	+2.39737E-2
+7.94712E+1	+2.43284E-2
+7.94682E+1	+2.43834E-2
+7.95619E+1	+2.29771E-2
+7.96921E+1	+2.15342E-2
+7.98437E+1	+1.90824E-2
+8.00575E+1	+1.43683E-2
+8.03336E+1	+9.61150E-3
+8.05881E+1	+6.75006E-3
+8.06778E+1	+6.20590E-3
+8.06783E+1	+6.16922E-3
+8.06786E+1	+5.99190E-3
+8.06834E+1	+5.58225E-3
+8.07722E+1	+5.82682E-3
+8.08897E+1	+5.19095E-3
+8.09492E+1	+4.54284E-3
+8.09649E+1	+4.76907E-3
+8.09673E+1	+5.19095E-3
+8.11036E+1	+5.22152E-3
+8.12510E+1	+4.87912E-3
+8.14604E+1	+5.23375E-3
+8.16447E+1	+5.39883E-3
+8.17810E+1	+5.65562E-3
+8.18322E+1	+4.88524E-3
+8.18360E+1	+4.72627E-3
+8.18391E+1	+4.97695E-3
+8.18742E+1	+4.98306E-3
+8.19948E+1	+4.00479E-3
+8.20974E+1	+4.46947E-3
+8.22494E+1	+4.55507E-3
+8.24109E+1	+3.86417E-3
+8.25215E+1	+4.51839E-3
+8.26021E+1	+4.37776E-3
+8.26810E+1	+4.88524E-3
+8.26937E+1	+5.12980E-3
+8.26982E+1	+4.97695E-3
+8.27058E+1	+4.37164E-3
+8.27629E+1	+4.57341E-3
+8.28645E+1	+5.48443E-3
+8.29516E+1	+4.78130E-3
+8.30560E+1	+6.00413E-3
+8.31750E+1	+5.46608E-3
+8.32631E+1	+6.37098E-3
+8.33902E+1	+6.56052E-3
+8.34841E+1	+7.80170E-3
+8.35704E+1	+8.18690E-3
+8.36383E+1	+9.08568E-3
+8.36417E+1	+9.15294E-3
+8.36411E+1	+8.77386E-3
+8.36397E+1	+9.03677E-3
+8.37161E+1	+9.16517E-3
+8.37932E+1	+1.06265E-2
+8.39144E+1	+1.13479E-2
+8.40550E+1	+1.29254E-2
+8.41453E+1	+1.38303E-2
+8.43100E+1	+1.66367E-2
+8.44066E+1	+1.79879E-2
+8.45454E+1	+2.10695E-2
+8.46070E+1	+2.10573E-2
+8.46089E+1	+2.06965E-2
+8.46101E+1	+2.16503E-2
+8.46075E+1	+2.06904E-2
+8.46755E+1	+2.28793E-2
+8.47594E+1	+2.42550E-2
+8.48573E+1	+2.66762E-2
+8.50204E+1	+2.92197E-2
+8.51357E+1	+3.09989E-2
+8.52159E+1	+3.29555E-2
+8.52846E+1	+3.36036E-2
+8.53653E+1	+3.45941E-2
+8.54407E+1	+3.44657E-2
+8.55096E+1	+3.49304E-2
+8.55094E+1	+3.55968E-2
+8.55082E+1	+3.51688E-2
+8.55113E+1	+3.56518E-2
+8.55470E+1	+3.64283E-2
+8.56604E+1	+3.68258E-2
+8.57645E+1	+3.69786E-2
+8.58855E+1	+3.69725E-2
+8.60273E+1	+3.54256E-2
+8.61798E+1	+3.36892E-2
+8.62600E+1	+3.28087E-2
+8.63639E+1	+2.96294E-2
+8.64066E+1	+3.00635E-2
+8.64073E+1	+2.96783E-2
+8.64066E+1	+2.87183E-2
+8.64054E+1	+2.86755E-2
+8.64748E+1	+2.91097E-2
+8.65571E+1	+2.77706E-2
+8.66344E+1	+2.52761E-2
+8.67086E+1	+2.39676E-2
+8.67973E+1	+2.10389E-2
+8.68963E+1	+1.96999E-2
+8.69921E+1	+1.71381E-2
+8.70641E+1	+1.53833E-2
+8.71530E+1	+1.38731E-2
+8.71528E+1	+1.29009E-2
+8.71542E+1	+1.30416E-2
+8.71567E+1	+1.28520E-2
+8.71542E+1	+1.27481E-2
+8.73112E+1	+1.04308E-2
+8.75152E+1	+7.47765E-3
+8.76862E+1	+6.51161E-3
+8.78399E+1	+5.28266E-3
+8.79852E+1	+4.16376E-3
+8.81401E+1	+4.72015E-3
+8.82905E+1	+4.51839E-3
+8.83207E+1	+4.70793E-3
+8.83268E+1	+4.68347E-3
+8.83283E+1	+4.94638E-3
+8.83332E+1	+5.51500E-3
+8.84219E+1	+4.76907E-3
+8.85529E+1	+5.74122E-3
+8.87439E+1	+6.68281E-3
+8.88487E+1	+6.92126E-3
+8.89650E+1	+6.37710E-3
+8.90519E+1	+6.25481E-3
+8.91848E+1	+6.86623E-3
+8.92667E+1	+6.91515E-3
+8.92691E+1	+6.10196E-3
+8.92693E+1	+6.46270E-3
+8.92716E+1	+6.31596E-3
+8.92706E+1	+7.33703E-3
+8.93108E+1	+6.40767E-3
+8.94201E+1	+6.13253E-3
+8.95183E+1	+6.29761E-3
+8.96715E+1	+5.30100E-3
+8.98300E+1	+4.93415E-3
+8.99474E+1	+5.57614E-3
+9.00523E+1	+4.01702E-3
+9.01779E+1	+4.49393E-3
+9.02807E+1	+4.39610E-3
+9.03092E+1	+5.22763E-3
+9.03102E+1	+3.85805E-3
+9.03065E+1	+4.39610E-3
+9.03848E+1	+4.65901E-3
+9.05046E+1	+4.28605E-3
+9.06348E+1	+4.42056E-3
+9.07740E+1	+5.42329E-3
+9.09589E+1	+5.66785E-3
+9.10574E+1	+5.97356E-3
+9.11829E+1	+5.82682E-3
+9.13526E+1	+7.31257E-3
+9.14283E+1	+6.27927E-3
+9.14386E+1	+6.13865E-3
+9.14403E+1	+6.60332E-3
+9.14429E+1	+6.61555E-3
+9.14416E+1	+6.47493E-3
+9.14413E+1	+6.77452E-3
+9.15381E+1	+6.24259E-3
+9.16090E+1	+6.55441E-3
+9.17233E+1	+6.45658E-3
+9.18419E+1	+6.76841E-3
+9.19729E+1	+6.73784E-3
+9.20663E+1	+7.40428E-3
+9.21599E+1	+7.22086E-3
+9.22536E+1	+6.87846E-3
+9.23184E+1	+6.89680E-3
+9.23378E+1	+6.81732E-3
+9.23373E+1	+6.41990E-3
+9.23426E+1	+7.04966E-3
+9.23421E+1	+7.33703E-3
+9.23385E+1	+7.11080E-3
+9.24908E+1	+6.95183E-3
+9.26135E+1	+6.63389E-3
+9.26939E+1	+6.43213E-3
+9.27964E+1	+5.80848E-3
+9.29209E+1	+7.17806E-3
+9.30327E+1	+7.81393E-3
+9.31358E+1	+6.76229E-3
+9.31432E+1	+6.86012E-3
+9.31441E+1	+6.97017E-3
+9.31417E+1	+7.58771E-3
+9.31414E+1	+7.48377E-3
+9.32526E+1	+7.01909E-3
+9.34095E+1	+8.29084E-3
+9.35862E+1	+8.77386E-3
+9.37664E+1	+8.90837E-3
+9.39080E+1	+9.31802E-3
+9.39792E+1	+1.07426E-2
+9.40108E+1	+1.07854E-2
+9.40165E+1	+1.02902E-2
+9.40275E+1	+1.00456E-2
+9.40432E+1	+1.08099E-2
+9.40450E+1	+1.06448E-2
+9.41530E+1	+1.15925E-2
+9.42850E+1	+1.26380E-2
+9.44303E+1	+1.54078E-2
+9.45802E+1	+1.70953E-2
+9.47382E+1	+1.92169E-2
+9.48738E+1	+2.14363E-2
+9.48717E+1	+2.01891E-2
+9.48730E+1	+2.12162E-2
+9.48729E+1	+2.05926E-2
+9.48700E+1	+2.02930E-2
+9.49502E+1	+2.19377E-2
+9.50787E+1	+2.45118E-2
+9.52335E+1	+2.60342E-2
+9.53947E+1	+2.84004E-2
+9.55182E+1	+2.98617E-2
+9.56554E+1	+3.10234E-2
+9.57707E+1	+3.08767E-2
+9.58600E+1	+3.18060E-2
+9.58655E+1	+3.16837E-2
+9.58685E+1	+3.09439E-2
+9.58699E+1	+3.14942E-2
+9.58712E+1	+3.19772E-2
+9.59815E+1	+3.15614E-2
+9.61513E+1	+3.01246E-2
+9.63039E+1	+2.80458E-2
+9.64279E+1	+2.62421E-2
+9.65411E+1	+2.53311E-2
+9.66677E+1	+2.20355E-2
+9.67891E+1	+1.96938E-2
+9.68020E+1	+2.03847E-2
+9.68040E+1	+1.95471E-2
+9.68034E+1	+1.99751E-2
+9.68089E+1	+1.96327E-2
+9.69575E+1	+1.73032E-2
+9.71116E+1	+1.42216E-2
+9.73088E+1	+1.15803E-2
+9.74430E+1	+1.01496E-2
+9.75860E+1	+8.05850E-3
+9.77206E+1	+6.91515E-3
+9.78578E+1	+6.51773E-3
+9.78767E+1	+5.85739E-3
+9.78754E+1	+5.89408E-3
+9.78761E+1	+6.28539E-3
+9.78766E+1	+6.16310E-3
+9.79408E+1	+5.91242E-3
+9.80785E+1	+5.49054E-3
+9.82284E+1	+4.64678E-3
+9.83945E+1	+4.71404E-3
+9.85987E+1	+5.20929E-3
+9.87493E+1	+4.51839E-3
+9.89096E+1	+5.11758E-3
+9.90769E+1	+4.46947E-3
+9.91913E+1	+5.11758E-3
+9.92022E+1	+4.34719E-3
+9.92004E+1	+4.21268E-3
+9.92031E+1	+4.13319E-3
+9.92397E+1	+4.54284E-3
+9.93978E+1	+4.01091E-3
+9.95900E+1	+3.90697E-3
+9.97389E+1	+3.71743E-3
+9.98874E+1	+4.15765E-3
+9.99942E+1	+3.91919E-3
+1.00168E+2	+3.75411E-3
+1.00209E+2	+3.27109E-3
+1.00212E+2	+3.98034E-3
+1.00222E+2	+3.53400E-3
+1.00224E+2	+3.82748E-3
+1.00234E+2	+3.96811E-3
+1.00231E+2	+3.90697E-3
+1.00336E+2	+3.88251E-3
+1.00487E+2	+4.46947E-3
+1.00652E+2	+4.13319E-3
+1.00805E+2	+5.48443E-3
+1.00981E+2	+5.80848E-3
+1.01149E+2	+6.90292E-3
+1.01294E+2	+7.21474E-3
+1.01310E+2	+7.19029E-3
+1.01313E+2	+7.55714E-3
+1.01315E+2	+8.23581E-3
+1.01313E+2	+7.42874E-3
+1.01340E+2	+8.04627E-3
+1.01464E+2	+9.28134E-3
+1.01566E+2	+9.74602E-3
+1.01729E+2	+1.02352E-2
+1.01944E+2	+1.16964E-2
+1.02088E+2	+1.29376E-2
+1.02222E+2	+1.36530E-2
+1.02286E+2	+1.46618E-2
+1.02291E+2	+1.40687E-2
+1.02284E+2	+1.43989E-2
+1.02290E+2	+1.47841E-2
+1.02288E+2	+1.46679E-2
+1.02394E+2	+1.60864E-2
+1.02525E+2	+1.62454E-2
+1.02659E+2	+1.71809E-2
+1.02805E+2	+1.74866E-2
+1.02969E+2	+1.99506E-2
+1.03117E+2	+2.12407E-2
+1.03252E+2	+2.38698E-2
+1.03355E+2	+2.51415E-2
+1.03353E+2	+2.50559E-2
+1.03355E+2	+2.42366E-2
+1.03358E+2	+2.55145E-2
+1.03357E+2	+2.57346E-2
+1.03437E+2	+2.63705E-2
+1.03565E+2	+2.95621E-2
+1.03710E+2	+3.29432E-2
+1.03896E+2	+3.85438E-2
+1.04079E+2	+4.54651E-2
+1.04244E+2	+5.01975E-2
+1.04384E+2	+5.50644E-2
+1.04550E+2	+6.08851E-2
+1.04571E+2	+5.98579E-2
+1.04573E+2	+6.06772E-2
+1.04574E+2	+6.11969E-2
+1.04575E+2	+6.14415E-2
+1.04668E+2	+6.36793E-2
+1.04762E+2	+6.56358E-2
+1.04904E+2	+6.87296E-2
+1.05045E+2	+6.91820E-2
+1.05198E+2	+6.93471E-2
+1.05339E+2	+6.65774E-2
+1.05512E+2	+6.30617E-2
+1.05683E+2	+5.55657E-2
+1.05745E+2	+5.32118E-2
+1.05740E+2	+5.39944E-2
+1.05745E+2	+5.36459E-2
+1.05740E+2	+5.48504E-2
+1.05745E+2	+5.55657E-2
+1.05747E+2	+5.50766E-2
+1.05892E+2	+4.87423E-2
+1.05970E+2	+4.57219E-2
+1.06048E+2	+4.16254E-2
+1.06184E+2	+3.66118E-2
+1.06299E+2	+3.18733E-2
+1.06419E+2	+2.60464E-2
+1.06548E+2	+2.30199E-2
+1.06566E+2	+2.13446E-2
+1.06568E+2	+2.14791E-2
+1.06653E+2	+1.84832E-2
+1.06836E+2	+1.49981E-2
+1.06993E+2	+1.12379E-2
+1.07213E+2	+9.31802E-3
+1.07256E+2	+8.90837E-3
+1.07250E+2	+8.53541E-3
+1.07250E+2	+8.34587E-3
+1.07252E+2	+9.28745E-3
+1.07291E+2	+8.26027E-3
+1.07418E+2	+7.99124E-3
+1.07558E+2	+7.21474E-3
+1.07701E+2	+7.10469E-3
+1.07829E+2	+7.37371E-3
+1.07967E+2	+7.63662E-3
+1.08058E+2	+6.73172E-3
+1.08067E+2	+7.24531E-3
+1.08069E+2	+7.97902E-3
+1.08068E+2	+7.74056E-3
+1.08068E+2	+7.41040E-3
+1.08172E+2	+7.74056E-3
+1.08221E+2	+7.63662E-3
+1.08333E+2	+5.86962E-3
+1.08440E+2	+6.38321E-3
+1.08600E+2	+6.18756E-3
+1.08773E+2	+4.97695E-3
+1.08920E+2	+4.13931E-3
+1.09051E+2	+4.52450E-3
+1.09090E+2	+4.15765E-3
+1.09090E+2	+4.43279E-3
+1.09084E+2	+4.20045E-3
+1.09088E+2	+4.15765E-3
+1.09083E+2	+3.72354E-3
+1.09219E+2	+3.74800E-3
+1.09296E+2	+3.30166E-3
+1.09428E+2	+3.71131E-3
+1.09535E+2	+2.83698E-3
+1.09686E+2	+3.17938E-3
+1.09841E+2	+3.06321E-3
+1.10012E+2	+2.39065E-3
+1.10081E+2	+3.14269E-3
+1.10082E+2	+3.32612E-3
+1.10083E+2	+3.43617E-3
+1.10084E+2	+3.75411E-3
+1.10082E+2	+2.49459E-3
+1.10110E+2	+4.17599E-3
+1.10243E+2	+4.02925E-3
+1.10352E+2	+3.56457E-3
+1.10486E+2	+4.09039E-3
+1.10639E+2	+4.63455E-3
+1.10792E+2	+5.31323E-3
+1.10942E+2	+5.85128E-3
+1.11092E+2	+6.59110E-3
+1.11173E+2	+7.00686E-3
+1.11177E+2	+6.90903E-3
+1.11182E+2	+6.69504E-3
+1.11180E+2	+7.08023E-3
+1.11181E+2	+7.30034E-3
+1.11179E+2	+6.82955E-3
+1.11238E+2	+7.36760E-3
+1.11317E+2	+8.24193E-3
+1.11410E+2	+8.92672E-3
+1.11545E+2	+9.74602E-3
+1.11616E+2	+1.00884E-2
+1.11685E+2	+1.04308E-2
+1.11839E+2	+1.12623E-2
+1.12038E+2	+1.44539E-2
+1.12171E+2	+1.51143E-2
+1.12304E+2	+1.79635E-2
+1.12342E+2	+1.71014E-2
+1.12357E+2	+1.72726E-2
+1.12356E+2	+1.75477E-2
+1.12355E+2	+1.77189E-2
+1.12355E+2	+1.70464E-2
+1.12447E+2	+1.97305E-2
+1.12595E+2	+2.25919E-2
+1.12792E+2	+2.64561E-2
+1.12965E+2	+3.03447E-2
+1.13105E+2	+3.46491E-2
+1.13193E+2	+3.82381E-2
+1.13275E+2	+4.14787E-2
+1.13338E+2	+4.17171E-2
+1.13403E+2	+4.39304E-2
+1.13401E+2	+4.36186E-2
+1.13401E+2	+4.47559E-2
+1.13400E+2	+4.40650E-2
+1.13399E+2	+4.40588E-2
+1.13449E+2	+4.58564E-2
+1.13551E+2	+4.94210E-2
+1.13694E+2	+5.28388E-2
+1.13854E+2	+5.60610E-2
+1.14063E+2	+5.84027E-2
+1.14258E+2	+5.95767E-2
+1.14374E+2	+5.85250E-2
+1.14466E+2	+5.73694E-2
+1.14473E+2	+5.89897E-2
+1.14474E+2	+5.82010E-2
+1.14471E+2	+5.88613E-2
+1.14471E+2	+5.97417E-2
+1.14491E+2	+5.87940E-2
+1.14616E+2	+5.63667E-2
+1.14746E+2	+5.41228E-2
+1.14901E+2	+4.87179E-2
+1.15028E+2	+4.46641E-2
+1.15114E+2	+4.01335E-2
+1.15230E+2	+3.70459E-2
+1.15330E+2	+3.18182E-2
+1.15417E+2	+2.86205E-2
+1.15418E+2	+2.83943E-2
+1.15417E+2	+2.78073E-2
+1.15419E+2	+2.78257E-2
+1.15415E+2	+2.77890E-2
+1.15419E+2	+2.87734E-2
+1.15418E+2	+2.83331E-2
+1.15505E+2	+2.55512E-2
+1.15620E+2	+2.14730E-2
+1.15746E+2	+1.77678E-2
+1.15893E+2	+1.37080E-2
+1.16044E+2	+1.10606E-2
+1.16216E+2	+9.02454E-3
+1.16342E+2	+7.47765E-3
+1.16455E+2	+7.00686E-3
+1.16474E+2	+6.86012E-3
+1.16472E+2	+6.58498E-3
+1.16470E+2	+6.63389E-3
+1.16474E+2	+6.92126E-3
+1.16473E+2	+6.93960E-3
+1.16546E+2	+6.52384E-3
+1.16634E+2	+7.00686E-3
+1.16767E+2	+7.10469E-3
+1.16899E+2	+7.74668E-3
+1.17029E+2	+8.33364E-3
+1.17149E+2	+8.90226E-3
+1.17302E+2	+8.48038E-3
+1.17435E+2	+9.00009E-3
+1.17453E+2	+9.57482E-3
+1.17456E+2	+9.31802E-3
+1.17453E+2	+8.87780E-3
+1.17447E+2	+8.62712E-3
+1.17455E+2	+8.35810E-3
+1.17450E+2	+8.37032E-3
+1.17577E+2	+7.22697E-3
+1.17684E+2	+7.99736E-3
+1.17855E+2	+6.03470E-3
+1.18034E+2	+6.12030E-3
+1.18190E+2	+5.22763E-3
+1.18336E+2	+4.99529E-3
+1.18471E+2	+4.23102E-3
+1.18564E+2	+3.99257E-3
+1.18561E+2	+4.26770E-3
+1.18565E+2	+4.37164E-3
+1.18557E+2	+4.24936E-3
+1.18638E+2	+3.96811E-3
+1.18772E+2	+4.57341E-3
+1.18952E+2	+3.69908E-3
+1.19201E+2	+3.50954E-3
+1.19369E+2	+3.54623E-3
+1.19384E+2	+3.19161E-3
+1.19386E+2	+3.65017E-3
+1.19452E+2	+3.35058E-3
+1.19676E+2	+3.64406E-3
+1.19899E+2	+4.17599E-3
+1.20050E+2	+3.45452E-3
+1.20267E+2	+2.79418E-3
+1.20470E+2	+3.76634E-3
+1.20506E+2	+3.61349E-3
+1.20511E+2	+3.42395E-3
+1.20511E+2	+4.04148E-3
+1.20640E+2	+4.19433E-3
+1.20816E+2	+4.95249E-3
+1.20978E+2	+5.22152E-3
+1.21147E+2	+6.02248E-3
+1.21354E+2	+6.29150E-3
+1.21634E+2	+9.77659E-3
+1.21822E+2	+1.09322E-2
+1.21835E+2	+1.17148E-2
+1.21849E+2	+1.23323E-2
+1.21857E+2	+1.20083E-2
+1.22051E+2	+1.25891E-2
+1.22249E+2	+1.61781E-2
+1.22474E+2	+1.83915E-2
+1.22676E+2	+2.08310E-2
+1.22930E+2	+2.42244E-2
+1.23055E+2	+2.49153E-2
+1.23098E+2	+2.40532E-2
+1.23102E+2	+2.45668E-2
+1.23200E+2	+2.63644E-2
+1.23393E+2	+2.67251E-2
+1.23574E+2	+2.64806E-2
+1.23696E+2	+2.59547E-2
+1.23967E+2	+2.36619E-2
+1.24138E+2	+2.17604E-2
+1.24134E+2	+2.18888E-2
+1.24134E+2	+2.19805E-2
+1.24192E+2	+2.05376E-2
+1.24373E+2	+1.85382E-2
+1.24607E+2	+1.52304E-2
+1.24824E+2	+1.17698E-2
+1.24948E+2	+1.01618E-2
+1.25102E+2	+6.92738E-3
+1.25250E+2	+5.13592E-3
+1.25335E+2	+5.54557E-3
+1.25396E+2	+4.96472E-3
+1.25395E+2	+5.63117E-3
+1.25397E+2	+5.01363E-3
+1.25551E+2	+4.48781E-3
+1.25761E+2	+4.15153E-3
+1.26024E+2	+4.35942E-3
+1.26148E+2	+5.25209E-3
+1.26242E+2	+5.19095E-3
+1.26294E+2	+5.66174E-3
+1.26369E+2	+5.50888E-3
+1.26586E+2	+5.92465E-3
+1.26721E+2	+5.64951E-3
+1.26815E+2	+6.46881E-3
+1.27070E+2	+6.53607E-3
+1.27198E+2	+6.26704E-3
+1.27224E+2	+6.41378E-3
+1.27224E+2	+5.93076E-3
+1.27300E+2	+6.37098E-3
+1.27576E+2	+6.05916E-3
+1.27875E+2	+4.57341E-3
+1.28028E+2	+4.76295E-3
+1.28093E+2	+4.10873E-3
+1.28097E+2	+4.92804E-3
+1.28209E+2	+4.46947E-3
+1.28526E+2	+3.76023E-3
+1.28764E+2	+4.87912E-3
+1.28771E+2	+4.45113E-3
+1.28771E+2	+5.08700E-3
+1.28886E+2	+5.50888E-3
+1.29157E+2	+4.89135E-3
+1.29469E+2	+5.22152E-3
+1.29588E+2	+5.12980E-3
+1.29589E+2	+5.91242E-3
+1.29591E+2	+5.57614E-3
+1.29718E+2	+5.12980E-3
+1.29975E+2	+5.10535E-3
+1.30286E+2	+4.92804E-3
+1.30419E+2	+5.07478E-3
+1.30425E+2	+5.01975E-3
+1.30426E+2	+4.94026E-3
+1.30502E+2	+5.53334E-3
+1.30725E+2	+5.72288E-3
+1.31064E+2	+6.49327E-3
+1.31228E+2	+6.08973E-3
+1.31231E+2	+5.38049E-3
+1.31228E+2	+6.26704E-3
+1.31239E+2	+6.03470E-3
+1.31458E+2	+6.30984E-3
+1.31743E+2	+7.49600E-3
+1.32053E+2	+8.65158E-3
+1.32208E+2	+9.70933E-3
+1.32204E+2	+9.13460E-3
+1.32206E+2	+9.99058E-3
+1.32207E+2	+9.25688E-3
+1.32389E+2	+1.03880E-2
+1.32659E+2	+1.12257E-2
+1.32958E+2	+1.36408E-2
+1.33042E+2	+1.45579E-2
+1.33047E+2	+1.39587E-2
+1.33048E+2	+1.43255E-2
+1.33084E+2	+1.39342E-2
+1.33264E+2	+1.56523E-2
+1.33556E+2	+1.63677E-2
+1.33780E+2	+1.46496E-2
+1.33815E+2	+1.45701E-2
+1.33814E+2	+1.52060E-2
+1.33822E+2	+1.48942E-2
+1.34013E+2	+1.40443E-2
+1.34256E+2	+1.18371E-2
+1.34544E+2	+1.02046E-2
+1.34695E+2	+8.18690E-3
+1.34702E+2	+8.17467E-3
+1.34702E+2	+6.89680E-3
+1.34861E+2	+5.74122E-3
+1.35147E+2	+4.23713E-3
+1.35442E+2	+3.77245E-3
+1.35573E+2	+4.37164E-3
+1.35571E+2	+4.00479E-3
+1.35569E+2	+3.92531E-3
+1.35683E+2	+3.79080E-3
+1.35966E+2	+5.71677E-3
+1.36245E+2	+5.31934E-3
+1.36325E+2	+5.36826E-3
+1.36328E+2	+5.30100E-3
+1.36330E+2	+5.18483E-3
+1.36427E+2	+5.46608E-3
+1.36682E+2	+5.62505E-3
+1.37024E+2	+4.36553E-3
+1.37260E+2	+3.90085E-3
+1.37275E+2	+4.07816E-3
+1.37274E+2	+2.78807E-3
+1.37272E+2	+3.60737E-3
+1.37352E+2	+3.93754E-3
+1.37516E+2	+3.64406E-3
+1.37729E+2	+4.01091E-3
+1.37997E+2	+5.01363E-3
+1.38170E+2	+5.30100E-3
+1.38316E+2	+5.36826E-3
+1.38429E+2	+5.35603E-3
+1.38447E+2	+5.77179E-3
+1.38443E+2	+5.66174E-3
+1.38444E+2	+6.34041E-3
+1.38508E+2	+7.37371E-3
+1.38767E+2	+7.55102E-3
+1.39101E+2	+8.32141E-3
+1.39441E+2	+8.45592E-3
+1.39531E+2	+9.42808E-3
+1.39532E+2	+9.12237E-3
+1.39529E+2	+8.92672E-3
+1.39554E+2	+8.73106E-3
+1.39834E+2	+9.14071E-3
+1.40105E+2	+8.38255E-3
+1.40136E+2	+9.00620E-3
+1.40143E+2	+8.19913E-3
+1.40143E+2	+8.93283E-3
+1.40145E+2	+9.14071E-3
+1.40146E+2	+9.61150E-3
+1.40147E+2	+8.57821E-3
+1.40309E+2	+8.05239E-3
+1.40495E+2	+8.01570E-3
+1.40645E+2	+8.88392E-3
+1.40647E+2	+8.60266E-3
+1.40643E+2	+8.96951E-3
+1.40673E+2	+8.27861E-3
+1.40879E+2	+9.96613E-3
+1.41081E+2	+1.15314E-2
+1.41140E+2	+1.14152E-2
+1.41143E+2	+1.04675E-2
+1.41143E+2	+1.10728E-2
+1.41140E+2	+1.12807E-2
+1.41144E+2	+1.09872E-2
+1.41372E+2	+1.35674E-2
+1.41689E+2	+1.72726E-2
+1.41915E+2	+1.97855E-2
+1.42122E+2	+2.20783E-2
+1.42283E+2	+2.27509E-2
+1.42412E+2	+2.44017E-2
+1.42411E+2	+2.44201E-2
+1.42408E+2	+2.44140E-2
+1.42412E+2	+2.35335E-2
+1.42635E+2	+2.38453E-2
+1.42931E+2	+2.42244E-2
+1.43212E+2	+1.95409E-2
+1.43490E+2	+1.51999E-2
+1.43560E+2	+1.48819E-2
+1.43590E+2	+1.37386E-2
+1.43582E+2	+1.40749E-2
+1.43580E+2	+1.38425E-2
+1.43578E+2	+1.43072E-2
+1.43580E+2	+1.31638E-2
+1.43767E+2	+1.17026E-2
+1.44117E+2	+7.50822E-3
+1.44694E+2	+4.23102E-3
+1.45117E+2	+4.47559E-3
+1.45142E+2	+4.13931E-3
+1.45141E+2	+4.56118E-3
+1.45148E+2	+4.15153E-3
+1.45360E+2	+4.78130E-3
+1.45789E+2	+4.04148E-3
+1.46222E+2	+4.17599E-3
+1.46632E+2	+3.61960E-3
+1.46681E+2	+3.31389E-3
+1.46686E+2	+3.06932E-3
+1.46679E+2	+3.29555E-3
+1.46687E+2	+3.95588E-3
+1.46965E+2	+3.83360E-3
+1.47426E+2	+4.88524E-3
+1.47982E+2	+5.45386E-3
+1.48470E+2	+6.78675E-3
+1.48544E+2	+7.09246E-3
+1.48537E+2	+6.99463E-3
+1.48538E+2	+7.53268E-3
+1.48579E+2	+7.10469E-3
+1.49000E+2	+8.31530E-3
+1.49669E+2	+1.11890E-2
+1.50307E+2	+1.59703E-2
+1.50418E+2	+1.68201E-2
+1.50426E+2	+1.72176E-2
+1.50427E+2	+1.66428E-2
+1.50418E+2	+1.52977E-2
+1.50684E+2	+1.86177E-2
+1.51137E+2	+2.49887E-2
+1.51734E+2	+2.71531E-2
+1.52150E+2	+2.38514E-2
+1.52269E+2	+2.30933E-2
+1.52266E+2	+2.28732E-2
+1.52267E+2	+2.26898E-2
+1.52346E+2	+2.10267E-2
+1.52698E+2	+1.61720E-2
+1.53128E+2	+8.68215E-3
+1.53560E+2	+5.01975E-3
+1.53925E+2	+4.24936E-3
+1.53999E+2	+4.02314E-3
+1.54018E+2	+4.38999E-3
+1.54015E+2	+3.37503E-3
+1.54017E+2	+4.44502E-3
+1.54232E+2	+4.87301E-3
+1.54673E+2	+6.58498E-3
+1.55286E+2	+5.76568E-3
+1.55727E+2	+4.60398E-3
+1.55889E+2	+4.16988E-3
+1.55888E+2	+3.81525E-3
+1.55892E+2	+4.34107E-3
+1.55942E+2	+3.76023E-3
+1.56313E+2	+3.52177E-3
+1.56883E+2	+2.78196E-3
+1.57425E+2	+3.62571E-3
+1.57720E+2	+4.52450E-3
+1.57745E+2	+4.67124E-3
+1.57744E+2	+4.26770E-3
+1.57745E+2	+4.99529E-3
+1.57985E+2	+5.05032E-3
+1.58550E+2	+6.10807E-3
+1.58944E+2	+8.86557E-3
+1.59515E+2	+1.08894E-2
+1.59670E+2	+1.18676E-2
+1.59674E+2	+1.22223E-2
+1.59676E+2	+1.17331E-2
+1.59872E+2	+1.39709E-2
+1.60446E+2	+1.81286E-2
+1.61125E+2	+1.92352E-2
+1.61547E+2	+1.73888E-2
+1.61636E+2	+1.60559E-2
+1.61623E+2	+1.65695E-2
+1.61631E+2	+1.57624E-2
+1.62030E+2	+1.13846E-2
+1.62611E+2	+6.56052E-3
+1.63266E+2	+3.65017E-3
+1.63603E+2	+4.94026E-3
+1.63609E+2	+5.68008E-3
+1.63599E+2	+4.42056E-3
+1.63603E+2	+4.96472E-3
+1.63998E+2	+6.14476E-3
+1.64521E+2	+6.21813E-3
+1.65099E+2	+4.95861E-3
+1.65585E+2	+4.54284E-3
+1.65623E+2	+4.85467E-3
+1.65621E+2	+4.61621E-3
+1.65620E+2	+4.12096E-3
+1.65746E+2	+4.60398E-3
+1.66183E+2	+4.53061E-3
+1.66875E+2	+5.74122E-3
+1.67410E+2	+5.61894E-3
+1.67547E+2	+4.81187E-3
+1.67552E+2	+5.71677E-3
+1.67546E+2	+5.35603E-3
+1.67550E+2	+4.77518E-3
+1.67849E+2	+5.31323E-3
+1.68489E+2	+7.01909E-3
+1.68933E+2	+6.94572E-3
+1.69117E+2	+8.24804E-3
+1.69118E+2	+7.81393E-3
+1.69128E+2	+8.54152E-3
+1.69125E+2	+8.29084E-3
+1.69348E+2	+1.01434E-2
+1.69815E+2	+1.15680E-2
+1.70518E+2	+1.31516E-2
+1.71016E+2	+1.17759E-2
+1.71091E+2	+1.14763E-2
+1.71107E+2	+1.16292E-2
+1.71114E+2	+1.02229E-2
+1.71168E+2	+1.05409E-2
+1.71501E+2	+8.55986E-3
+1.72134E+2	+3.25275E-3
+1.72743E+2	+5.05643E-3
+1.72944E+2	+3.91919E-3
+1.72966E+2	+4.84244E-3
+1.72981E+2	+5.47220E-3
+1.72986E+2	+5.30712E-3
+1.73264E+2	+5.51500E-3
+1.73844E+2	+5.24597E-3
+1.74378E+2	+4.38999E-3
+1.74702E+2	+4.23713E-3
+1.74709E+2	+4.39610E-3
+1.74708E+2	+3.82748E-3
+1.74710E+2	+4.50004E-3
+1.74731E+2	+4.79352E-3
+1.74755E+2	+4.16988E-3
+1.74759E+2	+4.25548E-3
+1.74776E+2	+4.76907E-3
+1.74777E+2	+3.92531E-3
+1.74783E+2	+4.71404E-3
+1.74778E+2	+4.11485E-3
+1.74781E+2	+4.20656E-3
+1.74776E+2	+4.97695E-3
+1.74775E+2	+4.46947E-3
+1.74778E+2	+5.78402E-3
+1.74777E+2	+4.79352E-3
+1.74776E+2	+4.34107E-3
+1.74779E+2	+4.13931E-3
+1.74774E+2	+4.14542E-3
+1.74772E+2	+3.88862E-3
+1.74777E+2	+5.01363E-3
+1.74773E+2	+5.22763E-3
+1.74779E+2	+1.23079E-2
+1.74780E+2	+2.39676E-2
+1.74778E+2	+3.62938E-2
+1.74779E+2	+4.79291E-2
+1.74778E+2	+5.76874E-2
+1.74781E+2	+6.39361E-2
+1.74780E+2	+6.97384E-2
+1.74777E+2	+7.72467E-2
+1.74777E+2	+8.08357E-2
+1.74774E+2	+8.54458E-2
+1.74780E+2	+8.80321E-2
+1.74778E+2	+9.10403E-2
+1.74777E+2	+9.16884E-2
+1.74780E+2	+9.21531E-2
+1.74775E+2	+9.09486E-2
+1.74780E+2	+9.21225E-2
+1.74780E+2	+9.12543E-2
+1.74778E+2	+9.16884E-2
+1.74775E+2	+9.15722E-2
+1.74779E+2	+9.37489E-2
+1.74774E+2	+9.72645E-2
+1.74776E+2	+9.84384E-2
+1.74776E+2	+1.00909E-1
+1.74778E+2	+1.02773E-1
+1.74778E+2	+1.05317E-1
+1.74779E+2	+1.07677E-1
+1.74780E+2	+1.08924E-1
+1.74781E+2	+1.09358E-1
