+1.12215E-2	+8.67237E-2
+1.33344E-2	+8.68459E-2
+1.01917E-2	+8.76286E-2
+1.17187E-2	+8.56353E-2
+1.32989E-2	+8.20035E-2
+1.22336E-2	+7.70632E-2
+1.22336E-2	+6.99524E-2
+1.49679E-2	+6.13314E-2
+1.47726E-2	+5.02831E-2
+1.34765E-2	+4.02925E-2
+1.20383E-2	+3.45452E-2
+1.23401E-2	+3.24358E-2
+1.50567E-2	+3.25825E-2
+1.58735E-2	+3.36953E-2
+1.29438E-2	+3.68013E-2
+1.46128E-2	+4.20595E-2
+1.44353E-2	+4.37654E-2
+1.78266E-2	+4.35819E-2
+2.02946E-2	+4.36125E-2
+2.18926E-2	+4.37898E-2
+2.12179E-2	+4.11179E-2
+2.00993E-2	+3.73088E-2
+2.18748E-2	+3.41477E-2
+2.23010E-2	+3.20628E-2
+1.98862E-2	+3.11824E-2
+2.11291E-2	+3.11885E-2
+1.95133E-2	+3.06993E-2
+1.92648E-2	+3.06565E-2
+2.04189E-2	+3.03753E-2
+2.06497E-2	+3.05159E-2
+2.15375E-2	+3.05893E-2
+2.15552E-2	+3.04670E-2
+2.21057E-2	+3.11640E-2
+2.08095E-2	+3.03936E-2
+2.14309E-2	+3.05771E-2
+1.86433E-2	+3.07483E-2
+1.96021E-2	+3.06871E-2
+2.19459E-2	+3.06260E-2
+2.26916E-2	+3.08522E-2
+2.10226E-2	+3.20995E-2
+1.67080E-2	+3.22340E-2
+1.41157E-2	+3.19161E-2
+1.39381E-2	+3.26926E-2
-4.56318E-3	+3.55846E-2
-8.87777E-5	+3.63978E-2
-2.48578E-4	+3.63611E-2
+3.37355E-4	+3.70826E-2
+5.30003E-2	+3.63122E-2
+1.13192E-1	+3.54623E-2
+1.12481E-1	+3.59575E-2
+4.38402E-1	+3.37442E-2
+7.45555E-1	+2.81497E-2
+7.45520E-1	+2.84799E-2
+8.94240E-1	+2.61504E-2
+1.25537E+0	+1.93575E-2
+1.28016E+0	+1.96632E-2
+1.28419E+0	+1.83181E-2
+1.79809E+0	+1.14213E-2
+1.82259E+0	+1.13968E-2
+1.82328E+0	+1.19288E-2
+2.22766E+0	+8.37032E-3
+2.36566E+0	+7.64885E-3
+2.36650E+0	+7.77725E-3
+2.70797E+0	+6.93960E-3
+2.99648E+0	+7.24531E-3
+2.99545E+0	+7.52045E-3
+3.28563E+0	+8.60878E-3
+3.63534E+0	+8.47427E-3
+3.64028E+0	+9.12848E-3
+3.86387E+0	+8.90226E-3
+4.37696E+0	+9.56259E-3
+4.39576E+0	+9.74602E-3
+4.43136E+0	+8.46204E-3
+4.95284E+0	+1.04491E-2
+5.16365E+0	+1.10911E-2
+5.16161E+0	+1.04002E-2
+5.60917E+0	+1.16475E-2
+6.00299E+0	+1.27848E-2
+6.00148E+0	+1.26075E-2
+6.21645E+0	+1.30660E-2
+6.64720E+0	+1.43317E-2
+6.68225E+0	+1.40137E-2
+6.68766E+0	+1.35857E-2
+7.29490E+0	+1.71258E-2
+7.47842E+0	+1.85382E-2
+7.48045E+0	+1.86299E-2
+7.68398E+0	+2.04275E-2
+8.15400E+0	+2.42428E-2
+8.21991E+0	+2.48236E-2
+8.21769E+0	+2.43956E-2
+8.61387E+0	+2.73243E-2
+8.90815E+0	+2.92136E-2
+8.90767E+0	+3.01368E-2
+9.16493E+0	+3.03875E-2
+9.55529E+0	+3.15676E-2
+9.59529E+0	+3.14575E-2
+9.63540E+0	+3.15553E-2
+1.00583E+1	+2.96599E-2
+1.02274E+1	+2.79908E-2
+1.02261E+1	+2.86511E-2
+1.03111E+1	+2.84065E-2
+1.08045E+1	+2.28671E-2
+1.08899E+1	+2.16626E-2
+1.08923E+1	+2.13874E-2
+1.11036E+1	+1.93759E-2
+1.15787E+1	+1.28643E-2
+1.15917E+1	+1.33840E-2
+1.15939E+1	+1.24118E-2
+1.20012E+1	+1.02413E-2
+1.21814E+1	+8.40090E-3
+1.21835E+1	+8.50484E-3
+1.21825E+1	+8.83500E-3
+1.25289E+1	+7.29423E-3
+1.28567E+1	+7.21474E-3
+1.28592E+1	+7.47154E-3
+1.28770E+1	+7.03743E-3
+1.33029E+1	+6.75006E-3
+1.33844E+1	+7.57548E-3
+1.33833E+1	+7.55714E-3
+1.34185E+1	+7.66719E-3
+1.38344E+1	+7.36760E-3
+1.38391E+1	+6.96406E-3
+1.38414E+1	+7.44097E-3
+1.40384E+1	+6.82343E-3
+1.43817E+1	+7.24531E-3
+1.43839E+1	+7.20251E-3
+1.44507E+1	+7.41651E-3
+1.49326E+1	+7.28811E-3
+1.49921E+1	+6.51773E-3
+1.49936E+1	+7.28200E-3
+1.53341E+1	+7.58159E-3
+1.55896E+1	+7.68554E-3
+1.56044E+1	+7.37983E-3
+1.56041E+1	+7.19029E-3
+1.58951E+1	+6.76229E-3
+1.62830E+1	+7.91787E-3
+1.62879E+1	+6.90292E-3
+1.62884E+1	+7.13526E-3
+1.65422E+1	+7.00686E-3
+1.65951E+1	+7.59994E-3
+1.65941E+1	+6.87235E-3
+1.65936E+1	+7.89342E-3
+1.69927E+1	+7.54491E-3
+1.72128E+1	+8.63935E-3
+1.72148E+1	+7.68554E-3
+1.72172E+1	+7.55102E-3
+1.75938E+1	+8.16856E-3
+1.77304E+1	+8.77386E-3
+1.77308E+1	+8.69438E-3
+1.78213E+1	+8.77386E-3
+1.81738E+1	+9.73990E-3
+1.81890E+1	+9.93556E-3
+1.81895E+1	+9.40974E-3
+1.83502E+1	+1.06265E-2
+1.86451E+1	+1.12562E-2
+1.86465E+1	+1.15191E-2
+1.86586E+1	+1.16536E-2
+1.90505E+1	+1.28398E-2
+1.91790E+1	+1.34451E-2
+1.91772E+1	+1.32433E-2
+1.93546E+1	+1.37080E-2
+1.97266E+1	+1.38120E-2
+1.97378E+1	+1.39954E-2
+1.97372E+1	+1.36836E-2
+1.99456E+1	+1.43378E-2
+2.04168E+1	+1.45029E-2
+2.04240E+1	+1.40993E-2
+2.04267E+1	+1.45640E-2
+2.05902E+1	+1.43867E-2
+2.10362E+1	+1.27664E-2
+2.11071E+1	+1.23445E-2
+2.11095E+1	+1.32250E-2
+2.13678E+1	+1.13357E-2
+2.17384E+1	+1.00028E-2
+2.17544E+1	+9.69099E-3
+2.17609E+1	+9.69099E-3
+2.22046E+1	+7.78948E-3
+2.23469E+1	+7.77725E-3
+2.23457E+1	+7.61216E-3
+2.24705E+1	+7.23309E-3
+2.28817E+1	+7.16583E-3
+2.29619E+1	+7.26366E-3
+2.29607E+1	+8.18078E-3
+2.31742E+1	+7.42874E-3
+2.34806E+1	+8.32141E-3
+2.35075E+1	+8.11353E-3
+2.35129E+1	+8.06461E-3
+2.40022E+1	+8.76775E-3
+2.41995E+1	+9.52591E-3
+2.42021E+1	+9.34248E-3
+2.43334E+1	+9.28745E-3
+2.47384E+1	+1.09383E-2
+2.48150E+1	+1.05837E-2
+2.48170E+1	+1.07304E-2
+2.50310E+1	+1.15375E-2
+2.54675E+1	+1.44173E-2
+2.55163E+1	+1.42705E-2
+2.55156E+1	+1.44539E-2
+2.58775E+1	+1.60864E-2
+2.61434E+1	+1.69057E-2
+2.61469E+1	+1.74682E-2
+2.61471E+1	+1.71014E-2
+2.65714E+1	+1.84282E-2
+2.66914E+1	+1.91191E-2
+2.66928E+1	+1.86666E-2
+2.68225E+1	+1.99078E-2
+2.73108E+1	+2.33317E-2
+2.73850E+1	+2.35274E-2
+2.73854E+1	+2.34601E-2
+2.75772E+1	+2.46769E-2
+2.80349E+1	+2.84310E-2
+2.80741E+1	+2.87306E-2
+2.80736E+1	+2.91402E-2
+2.84067E+1	+3.16287E-2
+2.87676E+1	+3.36647E-2
+2.87684E+1	+3.37136E-2
+2.88036E+1	+3.35241E-2
+2.92863E+1	+3.30716E-2
+2.94558E+1	+3.10662E-2
+2.94582E+1	+3.15064E-2
+2.95388E+1	+3.00512E-2
+2.99201E+1	+2.53494E-2
+3.00182E+1	+2.39309E-2
+3.00196E+1	+2.38453E-2
+3.00186E+1	+2.42611E-2
+3.05099E+1	+1.81530E-2
+3.08353E+1	+1.47230E-2
+3.08350E+1	+1.44234E-2
+3.08375E+1	+1.44173E-2
+3.10994E+1	+1.24852E-2
+3.13038E+1	+1.10117E-2
+3.13034E+1	+1.08527E-2
+3.13511E+1	+1.07732E-2
+3.17885E+1	+9.58093E-3
+3.18472E+1	+9.96001E-3
+3.18481E+1	+9.87441E-3
+3.20139E+1	+1.05837E-2
+3.24595E+1	+1.14763E-2
+3.26865E+1	+1.17209E-2
+3.26844E+1	+1.24852E-2
+3.28646E+1	+1.25952E-2
+3.32929E+1	+1.43561E-2
+3.33203E+1	+1.52304E-2
+3.33353E+1	+1.50715E-2
+3.36861E+1	+1.68140E-2
+3.39148E+1	+1.80613E-2
+3.39190E+1	+1.79879E-2
+3.39953E+1	+1.79941E-2
+3.45258E+1	+2.48358E-2
+3.45659E+1	+2.56062E-2
+3.45919E+1	+2.49459E-2
+3.47983E+1	+2.78318E-2
+3.51840E+1	+3.34446E-2
+3.52058E+1	+3.40377E-2
+3.52121E+1	+3.32918E-2
+3.56677E+1	+4.26281E-2
+3.58716E+1	+4.72015E-2
+3.58801E+1	+4.73055E-2
+3.59463E+1	+4.88829E-2
+3.63666E+1	+5.97173E-2
+3.64364E+1	+6.16860E-2
+3.64358E+1	+6.22424E-2
+3.67283E+1	+7.09674E-2
+3.70561E+1	+8.21808E-2
+3.70566E+1	+8.33364E-2
+3.70749E+1	+8.36299E-2
+3.74988E+1	+9.88603E-2
+3.76784E+1	+1.05543E-1
+3.76779E+1	+1.05843E-1
+3.76758E+1	+1.06491E-1
+3.79195E+1	+1.15803E-1
+3.82379E+1	+1.26417E-1
+3.82963E+1	+1.26729E-1
+3.82948E+1	+1.26496E-1
+3.82941E+1	+1.27004E-1
+3.82966E+1	+1.26276E-1
+3.86055E+1	+1.30544E-1
+3.90521E+1	+1.26270E-1
+3.94744E+1	+1.11804E-1
+3.96123E+1	+1.06026E-1
+3.96194E+1	+1.05763E-1
+3.96220E+1	+1.05641E-1
+3.99963E+1	+8.44736E-2
+4.02321E+1	+6.60760E-2
+4.02373E+1	+6.53607E-2
+4.02339E+1	+6.53607E-2
+4.03674E+1	+5.81520E-2
+4.07424E+1	+3.46797E-2
+4.09038E+1	+2.72937E-2
+4.09065E+1	+2.71959E-2
+4.09084E+1	+2.74466E-2
+4.12803E+1	+1.55973E-2
+4.16768E+1	+1.18065E-2
+4.16997E+1	+1.22161E-2
+4.16998E+1	+1.18615E-2
+4.17492E+1	+1.24546E-2
+4.22539E+1	+1.67834E-2
+4.25924E+1	+1.95226E-2
+4.26013E+1	+1.91007E-2
+4.26032E+1	+1.93636E-2
+4.26021E+1	+1.95165E-2
+4.26035E+1	+1.91680E-2
+4.27217E+1	+1.98589E-2
+4.31198E+1	+2.27692E-2
+4.36280E+1	+2.72081E-2
+4.39847E+1	+3.17265E-2
+4.39923E+1	+3.20995E-2
+4.39957E+1	+3.20873E-2
+4.39946E+1	+3.19161E-2
+4.39965E+1	+3.21973E-2
+4.43509E+1	+3.72599E-2
+4.49461E+1	+5.17933E-2
+4.55178E+1	+7.22269E-2
+4.56156E+1	+7.51739E-2
+4.56228E+1	+7.54246E-2
+4.56402E+1	+7.61094E-2
+4.56418E+1	+7.56814E-2
+4.56451E+1	+7.51189E-2
+4.56504E+1	+7.62317E-2
+4.59953E+1	+9.29173E-2
+4.64220E+1	+1.16500E-1
+4.68063E+1	+1.48734E-1
+4.69381E+1	+1.57624E-1
+4.69360E+1	+1.60222E-1
+4.69383E+1	+1.58926E-1
+4.69364E+1	+1.56866E-1
+4.69378E+1	+1.59342E-1
+4.71393E+1	+1.73777E-1
+4.76174E+1	+2.08910E-1
+4.80456E+1	+2.32425E-1
+4.82507E+1	+2.37976E-1
+4.82614E+1	+2.40025E-1
+4.82580E+1	+2.39902E-1
+4.83775E+1	+2.42862E-1
+4.88783E+1	+2.39370E-1
+4.94007E+1	+1.92377E-1
+4.94585E+1	+1.87675E-1
+4.94589E+1	+1.83151E-1
+4.94636E+1	+1.86464E-1
+4.94573E+1	+1.85480E-1
+4.94640E+1	+1.86574E-1
+4.94602E+1	+1.85951E-1
+4.98273E+1	+1.40510E-1
+5.02172E+1	+9.51123E-2
+5.02291E+1	+9.09424E-2
+5.02327E+1	+9.10403E-2
+5.03984E+1	+7.52351E-2
+5.08930E+1	+3.32795E-2
+5.08989E+1	+3.18121E-2
+5.09256E+1	+2.95376E-2
+5.14325E+1	+1.45946E-2
+5.16661E+1	+1.45273E-2
+5.16698E+1	+1.50898E-2
+5.16656E+1	+1.45029E-2
+5.18537E+1	+1.68690E-2
+5.23948E+1	+2.42917E-2
+5.26265E+1	+2.70736E-2
+5.26318E+1	+2.71959E-2
+5.27767E+1	+2.80519E-2
+5.32886E+1	+3.20383E-2
+5.34329E+1	+3.33835E-2
+5.34324E+1	+3.37748E-2
+5.36309E+1	+3.57252E-2
+5.40540E+1	+4.45113E-2
+5.40474E+1	+4.45724E-2
+5.40492E+1	+4.45969E-2
+5.40497E+1	+4.48353E-2
+5.42955E+1	+4.99162E-2
+5.47113E+1	+6.26827E-2
+5.47448E+1	+6.28967E-2
+5.47462E+1	+6.23280E-2
+5.51345E+1	+7.59627E-2
+5.55104E+1	+9.19207E-2
+5.55124E+1	+9.32842E-2
+5.55725E+1	+9.55464E-2
+5.60983E+1	+1.36426E-1
+5.63127E+1	+1.57929E-1
+5.63236E+1	+1.58535E-1
+5.63419E+1	+1.61769E-1
+5.66873E+1	+1.93129E-1
+5.70287E+1	+2.28787E-1
+5.70432E+1	+2.31177E-1
+5.70437E+1	+2.31917E-1
+5.74496E+1	+2.67526E-1
+5.78235E+1	+2.97247E-1
+5.78574E+1	+3.01784E-1
+5.78544E+1	+2.99265E-1
+5.79593E+1	+3.02805E-1
+5.83154E+1	+2.99552E-1
+5.85619E+1	+2.80770E-1
+5.87743E+1	+2.58869E-1
+5.91053E+1	+2.21517E-1
+5.93978E+1	+1.84202E-1
+5.94260E+1	+1.82466E-1
+5.94264E+1	+1.82472E-1
+5.94259E+1	+1.82099E-1
+5.94230E+1	+1.82747E-1
+5.95579E+1	+1.61940E-1
+5.97738E+1	+1.27927E-1
+6.00250E+1	+9.00926E-2
+6.02668E+1	+5.92404E-2
+6.03305E+1	+5.39271E-2
+6.03333E+1	+5.36031E-2
+6.03346E+1	+5.38599E-2
+6.03316E+1	+5.32362E-2
+6.03329E+1	+5.39822E-2
+6.03316E+1	+5.36398E-2
+6.04577E+1	+4.17844E-2
+6.07844E+1	+2.23779E-2
+6.09353E+1	+1.84771E-2
+6.09301E+1	+1.78779E-2
+6.09310E+1	+1.80491E-2
+6.09348E+1	+1.80063E-2
+6.13080E+1	+1.58847E-2
+6.16608E+1	+1.82325E-2
+6.17607E+1	+2.06537E-2
+6.17662E+1	+2.29955E-2
+6.17668E+1	+2.38392E-2
+6.19977E+1	+2.71592E-2
+6.22852E+1	+2.90057E-2
+6.23081E+1	+2.87245E-2
+6.23145E+1	+2.84860E-2
+6.23244E+1	+2.85349E-2
+6.26557E+1	+3.03447E-2
+6.29057E+1	+3.44412E-2
+6.29163E+1	+3.40988E-2
+6.29165E+1	+3.27965E-2
+6.30614E+1	+3.34202E-2
+6.33024E+1	+3.89963E-2
+6.35591E+1	+4.35147E-2
+6.35594E+1	+4.40833E-2
+6.35628E+1	+4.36186E-2
+6.37430E+1	+4.67246E-2
+6.40221E+1	+5.28266E-2
+6.41913E+1	+5.88063E-2
+6.42290E+1	+5.98885E-2
+6.42271E+1	+5.85311E-2
+6.43935E+1	+6.37282E-2
+6.47053E+1	+7.70816E-2
+6.48505E+1	+8.71700E-2
+6.48826E+1	+8.65830E-2
+6.48850E+1	+8.63629E-2
+6.51687E+1	+9.87931E-2
+6.55401E+1	+1.26234E-1
+6.56504E+1	+1.35698E-1
+6.56495E+1	+1.34793E-1
+6.56536E+1	+1.33546E-1
+6.59840E+1	+1.63683E-1
+6.62523E+1	+1.96962E-1
+6.63236E+1	+2.13624E-1
+6.63223E+1	+2.15348E-1
+6.63370E+1	+2.17237E-1
+6.66440E+1	+2.54246E-1
+6.69401E+1	+2.85832E-1
+6.71518E+1	+3.06284E-1
+6.71533E+1	+3.07446E-1
+6.71473E+1	+3.00311E-1
+6.72380E+1	+3.08400E-1
+6.75450E+1	+3.01564E-1
+6.78284E+1	+3.12038E-1
+6.78864E+1	+3.18188E-1
+6.78900E+1	+3.15260E-1
+6.78984E+1	+2.95859E-1
+6.81563E+1	+2.88345E-1
+6.84818E+1	+2.77951E-1
+6.86364E+1	+2.79681E-1
+6.86373E+1	+2.75988E-1
+6.86369E+1	+2.78899E-1
+6.88123E+1	+2.57089E-1
+6.91379E+1	+2.05657E-1
+6.93219E+1	+1.74646E-1
+6.93398E+1	+1.74756E-1
+6.93440E+1	+1.74713E-1
+6.94984E+1	+1.45548E-1
+6.97938E+1	+1.01202E-1
+6.99419E+1	+8.24376E-2
+6.99559E+1	+8.14838E-2
+6.99551E+1	+8.27311E-2
+7.00622E+1	+6.83689E-2
+7.04131E+1	+3.57069E-2
+7.05755E+1	+2.62360E-2
+7.05756E+1	+2.57835E-2
+7.05741E+1	+2.62299E-2
+7.06507E+1	+2.30138E-2
+7.09724E+1	+1.61843E-2
+7.12589E+1	+1.73276E-2
+7.12572E+1	+1.63432E-2
+7.12561E+1	+1.63371E-2
+7.12545E+1	+1.59091E-2
+7.15013E+1	+1.88378E-2
+7.18316E+1	+2.20539E-2
+7.19345E+1	+2.36741E-2
+7.19301E+1	+2.27998E-2
+7.19287E+1	+2.31361E-2
+7.21788E+1	+2.48419E-2
+7.25139E+1	+2.58814E-2
+7.27572E+1	+2.74344E-2
+7.27520E+1	+2.65784E-2
+7.27586E+1	+2.59792E-2
+7.29164E+1	+2.74221E-2
+7.32928E+1	+3.12435E-2
+7.35656E+1	+3.57313E-2
+7.35944E+1	+3.72232E-2
+7.35946E+1	+3.54623E-2
+7.36311E+1	+3.61471E-2
+7.39935E+1	+4.23224E-2
+7.43740E+1	+5.09190E-2
+7.44806E+1	+5.42818E-2
+7.44799E+1	+5.38905E-2
+7.44815E+1	+5.41778E-2
+7.47201E+1	+5.86840E-2
+7.50098E+1	+7.13526E-2
+7.51468E+1	+8.20646E-2
+7.51531E+1	+8.31774E-2
+7.51520E+1	+8.12025E-2
+7.53727E+1	+9.16028E-2
+7.57766E+1	+1.20229E-1
+7.59559E+1	+1.38664E-1
+7.59548E+1	+1.36799E-1
+7.59562E+1	+1.39501E-1
+7.61147E+1	+1.46190E-1
+7.64270E+1	+1.65560E-1
+7.66615E+1	+1.81188E-1
+7.67336E+1	+1.90005E-1
+7.67400E+1	+1.86850E-1
+7.67401E+1	+1.94125E-1
+7.67787E+1	+1.91710E-1
+7.70478E+1	+2.09026E-1
+7.73450E+1	+2.18234E-1
+7.75306E+1	+2.21859E-1
+7.75299E+1	+2.17757E-1
+7.75283E+1	+2.10732E-1
+7.75283E+1	+2.06164E-1
+7.76598E+1	+2.04648E-1
+7.79648E+1	+1.80210E-1
+7.82800E+1	+1.55900E-1
+7.83719E+1	+1.48006E-1
+7.83708E+1	+1.48245E-1
+7.83725E+1	+1.44044E-1
+7.86899E+1	+1.10973E-1
+7.90478E+1	+8.21136E-2
+7.90973E+1	+7.95273E-2
+7.90993E+1	+8.08418E-2
+7.91066E+1	+7.93744E-2
+7.94840E+1	+4.62905E-2
+7.96920E+1	+3.33957E-2
+7.96962E+1	+3.36464E-2
+7.97002E+1	+3.35730E-2
+7.97883E+1	+2.88651E-2
+8.01813E+1	+1.55851E-2
+8.04326E+1	+1.31455E-2
+8.04327E+1	+1.30660E-2
+8.04324E+1	+1.29621E-2
+8.05784E+1	+1.30538E-2
+8.10099E+1	+1.50959E-2
+8.11128E+1	+1.49920E-2
+8.11115E+1	+1.43011E-2
+8.11158E+1	+1.47169E-2
+8.14549E+1	+1.47535E-2
+8.18103E+1	+1.56279E-2
+8.19931E+1	+1.61353E-2
+8.19927E+1	+1.62637E-2
+8.19936E+1	+1.60620E-2
+8.21972E+1	+1.62760E-2
+8.25687E+1	+1.86238E-2
+8.28307E+1	+2.05314E-2
+8.28385E+1	+2.00607E-2
+8.28424E+1	+2.06843E-2
+8.28973E+1	+1.99200E-2
+8.31961E+1	+2.10328E-2
+8.35367E+1	+2.36069E-2
+8.37178E+1	+2.61320E-2
+8.37160E+1	+2.53433E-2
+8.37163E+1	+2.47013E-2
+8.38382E+1	+2.59119E-2
+8.41827E+1	+3.18855E-2
+8.44573E+1	+3.97606E-2
+8.45347E+1	+4.29033E-2
+8.45351E+1	+4.03231E-2
+8.45395E+1	+4.05799E-2
+8.48749E+1	+4.69325E-2
+8.51856E+1	+5.43979E-2
+8.52852E+1	+6.05610E-2
+8.52864E+1	+6.15393E-2
+8.52867E+1	+5.93137E-2
+8.55005E+1	+6.12519E-2
+8.58323E+1	+7.53023E-2
+8.60393E+1	+8.65953E-2
+8.60533E+1	+8.60450E-2
+8.60532E+1	+8.50606E-2
+8.61765E+1	+8.77080E-2
+8.64479E+1	+9.08813E-2
+8.67097E+1	+8.93589E-2
+8.67787E+1	+9.09975E-2
+8.67790E+1	+9.14499E-2
+8.67806E+1	+8.90593E-2
+8.70426E+1	+8.21502E-2
+8.73752E+1	+8.02793E-2
+8.74501E+1	+8.06523E-2
+8.74523E+1	+8.07379E-2
+8.74555E+1	+7.89464E-2
+8.76864E+1	+6.80081E-2
+8.80496E+1	+5.58409E-2
+8.82143E+1	+5.01302E-2
+8.82128E+1	+5.03931E-2
+8.82148E+1	+4.75072E-2
+8.82857E+1	+4.58503E-2
+8.85586E+1	+3.32367E-2
+8.88283E+1	+2.35885E-2
+8.89276E+1	+2.21028E-2
+8.89547E+1	+2.28854E-2
+8.89600E+1	+2.21089E-2
+8.90546E+1	+1.96571E-2
+8.93256E+1	+1.43378E-2
+8.96151E+1	+1.06020E-2
+8.97897E+1	+9.80104E-3
+8.97936E+1	+9.91110E-3
+8.97925E+1	+1.01618E-2
+8.97905E+1	+1.00456E-2
+9.01036E+1	+9.55036E-3
+9.04576E+1	+8.98174E-3
+9.05366E+1	+9.86219E-3
+9.05353E+1	+1.02168E-2
+9.05354E+1	+9.44642E-3
+9.05368E+1	+9.70933E-3
+9.09217E+1	+9.49533E-3
+9.12146E+1	+9.31191E-3
+9.12824E+1	+9.64208E-3
+9.12841E+1	+1.00945E-2
+9.12804E+1	+9.61150E-3
+9.14824E+1	+9.45254E-3
+9.18182E+1	+1.03024E-2
+9.20411E+1	+9.92333E-3
+9.20759E+1	+9.49533E-3
+9.20849E+1	+1.06020E-2
+9.20932E+1	+9.59316E-3
+9.24170E+1	+1.00517E-2
+9.27652E+1	+1.18065E-2
+9.28556E+1	+1.17392E-2
+9.28587E+1	+1.21856E-2
+9.28584E+1	+1.22406E-2
+9.29495E+1	+1.20144E-2
+9.32762E+1	+1.30782E-2
+9.36013E+1	+1.35368E-2
+9.37511E+1	+1.42094E-2
+9.37503E+1	+1.40993E-2
+9.37507E+1	+1.43867E-2
+9.37493E+1	+1.55056E-2
+9.40135E+1	+1.53405E-2
+9.44037E+1	+1.85199E-2
+9.45108E+1	+1.95409E-2
+9.45136E+1	+2.02685E-2
+9.45152E+1	+1.96021E-2
+9.46724E+1	+2.01279E-2
+9.50227E+1	+2.46585E-2
+9.51736E+1	+2.56796E-2
+9.51715E+1	+2.56001E-2
+9.51738E+1	+2.54473E-2
+9.52399E+1	+2.61687E-2
+9.55825E+1	+2.70369E-2
+9.58418E+1	+2.72571E-2
+9.58582E+1	+2.75505E-2
+9.58632E+1	+2.76178E-2
+9.58619E+1	+2.59731E-2
+9.61820E+1	+2.53800E-2
+9.65183E+1	+2.54901E-2
+9.67272E+1	+2.59975E-2
+9.67383E+1	+2.61810E-2
+9.67357E+1	+2.56246E-2
+9.67363E+1	+2.45913E-2
+9.68931E+1	+2.25430E-2
+9.71499E+1	+2.03908E-2
+9.74233E+1	+1.77311E-2
+9.75651E+1	+1.81102E-2
+9.75697E+1	+1.76578E-2
+9.75697E+1	+1.65572E-2
+9.77912E+1	+1.53038E-2
+9.81865E+1	+1.23873E-2
+9.84593E+1	+1.12012E-2
+9.84701E+1	+1.10728E-2
+9.84692E+1	+1.11706E-2
+9.84678E+1	+1.12440E-2
+9.87389E+1	+9.62985E-3
+9.90518E+1	+8.25415E-3
+9.92264E+1	+7.35537E-3
+9.92306E+1	+7.73445E-3
+9.92332E+1	+7.68554E-3
+9.92894E+1	+7.91787E-3
+9.96604E+1	+6.98852E-3
+9.99779E+1	+7.94845E-3
+1.00040E+2	+7.17194E-3
+1.00041E+2	+7.41651E-3
+1.00046E+2	+6.90903E-3
+1.00345E+2	+7.03743E-3
+1.00694E+2	+7.68554E-3
+1.00887E+2	+7.47765E-3
+1.00898E+2	+7.42262E-3
+1.00895E+2	+7.00075E-3
+1.00951E+2	+8.03404E-3
+1.01281E+2	+7.48377E-3
+1.01673E+2	+7.58159E-3
+1.01778E+2	+7.15360E-3
+1.01781E+2	+7.15360E-3
+1.01782E+2	+6.65835E-3
+1.02005E+2	+7.07412E-3
+1.02363E+2	+7.43485E-3
+1.02638E+2	+8.08907E-3
+1.02664E+2	+7.69776E-3
+1.02664E+2	+8.16856E-3
+1.02660E+2	+7.91787E-3
+1.02903E+2	+8.81666E-3
+1.03277E+2	+7.64885E-3
+1.03495E+2	+8.10130E-3
+1.03505E+2	+8.77997E-3
+1.03505E+2	+8.63935E-3
+1.03507E+2	+8.95729E-3
+1.03717E+2	+8.95729E-3
+1.04059E+2	+8.60266E-3
+1.04393E+2	+8.32752E-3
+1.04479E+2	+8.57821E-3
+1.04481E+2	+8.93894E-3
+1.04481E+2	+9.01843E-3
+1.04554E+2	+8.34587E-3
+1.04863E+2	+8.57821E-3
+1.05129E+2	+8.92672E-3
+1.05164E+2	+8.71883E-3
+1.05167E+2	+8.92060E-3
+1.05168E+2	+9.29968E-3
+1.05379E+2	+8.86557E-3
+1.05711E+2	+9.56259E-3
+1.05949E+2	+8.35198E-3
+1.05955E+2	+8.80443E-3
+1.05957E+2	+7.74668E-3
+1.06029E+2	+8.51706E-3
+1.06370E+2	+8.56598E-3
+1.06645E+2	+8.11964E-3
+1.06699E+2	+8.35810E-3
+1.06701E+2	+8.62712E-3
+1.06700E+2	+8.21747E-3
+1.06902E+2	+8.85946E-3
+1.07298E+2	+8.05239E-3
+1.07542E+2	+7.80170E-3
+1.07552E+2	+7.63662E-3
+1.07555E+2	+7.23920E-3
+1.07666E+2	+7.09246E-3
+1.07978E+2	+6.89680E-3
+1.08238E+2	+7.14749E-3
+1.08353E+2	+6.78064E-3
+1.08353E+2	+7.00686E-3
+1.08351E+2	+6.93349E-3
+1.08469E+2	+7.14749E-3
+1.08812E+2	+7.40428E-3
+1.09088E+2	+7.04966E-3
+1.09147E+2	+6.71338E-3
+1.09149E+2	+7.01297E-3
+1.09180E+2	+6.87235E-3
+1.09466E+2	+6.98852E-3
+1.09752E+2	+6.67058E-3
+1.09917E+2	+6.61555E-3
+1.09923E+2	+6.64001E-3
+1.09928E+2	+7.19640E-3
+1.09929E+2	+6.96406E-3
+1.10212E+2	+6.88458E-3
+1.10597E+2	+6.56664E-3
+1.10718E+2	+6.30984E-3
+1.10725E+2	+6.43213E-3
+1.10724E+2	+6.48104E-3
+1.10942E+2	+7.10469E-3
+1.11254E+2	+7.34925E-3
+1.11418E+2	+6.16310E-3
+1.11431E+2	+6.75618E-3
+1.11433E+2	+7.30034E-3
+1.11549E+2	+7.06800E-3
+1.11888E+2	+7.03132E-3
+1.12158E+2	+6.64001E-3
+1.12278E+2	+6.57275E-3
+1.12281E+2	+6.41378E-3
+1.12285E+2	+7.33091E-3
+1.12559E+2	+7.18417E-3
+1.12933E+2	+7.04355E-3
+1.13103E+2	+6.52995E-3
+1.13110E+2	+7.44708E-3
+1.13108E+2	+7.08023E-3
+1.13155E+2	+7.67331E-3
+1.13475E+2	+6.82955E-3
+1.13863E+2	+7.34925E-3
+1.13998E+2	+6.69504E-3
+1.14000E+2	+6.73172E-3
+1.14060E+2	+6.78675E-3
+1.14272E+2	+6.47493E-3
+1.14683E+2	+6.41378E-3
+1.14998E+2	+7.17806E-3
+1.15046E+2	+6.83566E-3
+1.15047E+2	+6.71949E-3
+1.15045E+2	+7.00686E-3
+1.15205E+2	+7.19029E-3
+1.15571E+2	+6.82343E-3
+1.15945E+2	+7.74668E-3
+1.16101E+2	+7.69776E-3
+1.16097E+2	+6.93960E-3
+1.16119E+2	+7.12303E-3
+1.16442E+2	+6.01025E-3
+1.16852E+2	+6.18756E-3
+1.17153E+2	+6.47493E-3
+1.17167E+2	+7.26977E-3
+1.17162E+2	+6.46270E-3
+1.17422E+2	+6.85401E-3
+1.17869E+2	+5.44163E-3
+1.18192E+2	+5.82071E-3
+1.18213E+2	+6.14476E-3
+1.18213E+2	+6.75006E-3
+1.18208E+2	+6.09585E-3
+1.18213E+2	+6.70115E-3
+1.18353E+2	+6.75618E-3
+1.18888E+2	+6.65835E-3
+1.19470E+2	+5.75345E-3
+1.19617E+2	+6.67669E-3
+1.19618E+2	+6.70726E-3
+1.19618E+2	+6.85401E-3
+1.20050E+2	+6.52384E-3
+1.20636E+2	+6.25481E-3
+1.20807E+2	+7.04355E-3
+1.20801E+2	+7.10469E-3
+1.21031E+2	+6.59721E-3
+1.21631E+2	+7.61216E-3
+1.21703E+2	+7.11080E-3
+1.21706E+2	+6.67669E-3
+1.21994E+2	+6.41990E-3
+1.22499E+2	+6.37710E-3
+1.22524E+2	+7.01297E-3
+1.22522E+2	+7.35537E-3
+1.22813E+2	+6.36487E-3
+1.23175E+2	+6.37710E-3
+1.23177E+2	+6.58498E-3
+1.23181E+2	+7.10469E-3
+1.23491E+2	+7.70999E-3
+1.23724E+2	+6.97629E-3
+1.23766E+2	+7.71611E-3
+1.23765E+2	+7.67331E-3
+1.23821E+2	+7.48377E-3
+1.24104E+2	+6.91515E-3
+1.24371E+2	+7.73445E-3
+1.24438E+2	+6.94572E-3
+1.24438E+2	+7.63662E-3
+1.24676E+2	+7.33703E-3
+1.24975E+2	+7.59382E-3
+1.24982E+2	+7.00075E-3
+1.24982E+2	+7.45320E-3
+1.25230E+2	+6.82955E-3
+1.25553E+2	+6.97629E-3
+1.25568E+2	+7.05577E-3
+1.25565E+2	+6.43824E-3
+1.25845E+2	+7.55102E-3
+1.26268E+2	+7.20863E-3
+1.26467E+2	+6.46881E-3
+1.26469E+2	+6.89069E-3
+1.26599E+2	+6.74395E-3
+1.27137E+2	+6.87846E-3
+1.27202E+2	+7.00686E-3
+1.27202E+2	+6.43213E-3
+1.27203E+2	+6.75618E-3
+1.27473E+2	+7.91787E-3
+1.27957E+2	+6.24259E-3
+1.28170E+2	+6.28539E-3
+1.28175E+2	+6.40767E-3
+1.28251E+2	+6.05916E-3
+1.28761E+2	+6.37098E-3
+1.29245E+2	+6.31596E-3
+1.29294E+2	+6.10196E-3
+1.29291E+2	+6.88458E-3
+1.29510E+2	+6.38933E-3
+1.30080E+2	+6.53607E-3
+1.30432E+2	+6.67669E-3
+1.30439E+2	+6.80509E-3
+1.30438E+2	+6.76841E-3
+1.30485E+2	+6.58498E-3
+1.30815E+2	+5.75957E-3
+1.31209E+2	+6.90292E-3
+1.31542E+2	+6.45658E-3
+1.31605E+2	+7.00686E-3
+1.31608E+2	+6.24870E-3
+1.31826E+2	+7.14137E-3
+1.32228E+2	+6.41990E-3
+1.32593E+2	+6.80509E-3
+1.32616E+2	+6.89069E-3
+1.32616E+2	+6.48104E-3
+1.32701E+2	+6.77452E-3
+1.33170E+2	+6.76229E-3
+1.33760E+2	+6.97017E-3
+1.33895E+2	+6.74395E-3
+1.33896E+2	+6.73784E-3
+1.33892E+2	+6.52384E-3
+1.34211E+2	+6.65835E-3
+1.34825E+2	+6.04082E-3
+1.35066E+2	+7.15971E-3
+1.35066E+2	+6.87235E-3
+1.35065E+2	+6.93349E-3
+1.35232E+2	+6.92738E-3
+1.35701E+2	+6.82955E-3
+1.36109E+2	+6.90292E-3
+1.36164E+2	+6.17533E-3
+1.36165E+2	+5.83905E-3
+1.36178E+2	+7.53268E-3
+1.36545E+2	+6.19367E-3
+1.37055E+2	+6.93349E-3
+1.37472E+2	+5.66174E-3
+1.37590E+2	+5.22763E-3
+1.37597E+2	+5.91242E-3
+1.37660E+2	+6.64612E-3
+1.38001E+2	+6.45047E-3
+1.38412E+2	+7.67942E-3
+1.38857E+2	+6.21202E-3
+1.39016E+2	+6.57887E-3
+1.39065E+2	+6.24259E-3
+1.39066E+2	+5.78402E-3
+1.39127E+2	+6.59721E-3
+1.39435E+2	+5.68620E-3
+1.39760E+2	+6.11419E-3
+1.40099E+2	+6.57887E-3
+1.40439E+2	+6.24870E-3
+1.40571E+2	+6.12642E-3
+1.40571E+2	+6.70115E-3
+1.40571E+2	+6.18756E-3
+1.40669E+2	+6.70115E-3
+1.40863E+2	+6.82955E-3
+1.41133E+2	+6.93960E-3
+1.41431E+2	+6.10196E-3
+1.41675E+2	+6.57275E-3
+1.41897E+2	+6.68892E-3
+1.41936E+2	+6.20590E-3
+1.41934E+2	+6.18756E-3
+1.42021E+2	+6.18144E-3
+1.42331E+2	+6.51161E-3
+1.42785E+2	+6.06528E-3
+1.43150E+2	+5.88185E-3
+1.43160E+2	+6.62167E-3
+1.43161E+2	+6.27316E-3
+1.43216E+2	+6.71338E-3
+1.43506E+2	+6.02248E-3
+1.43952E+2	+6.27316E-3
+1.44349E+2	+6.95795E-3
+1.44487E+2	+6.21202E-3
+1.44492E+2	+5.17260E-3
+1.44489E+2	+5.44774E-3
+1.44692E+2	+5.92465E-3
+1.45045E+2	+5.90019E-3
+1.45369E+2	+5.23986E-3
+1.45703E+2	+5.47831E-3
+1.45996E+2	+6.18144E-3
+1.46165E+2	+6.04693E-3
+1.46162E+2	+5.90631E-3
+1.46164E+2	+6.44435E-3
+1.46379E+2	+5.53945E-3
+1.46766E+2	+6.30984E-3
+1.47003E+2	+6.41378E-3
+1.47237E+2	+7.11080E-3
+1.47358E+2	+6.10196E-3
+1.47362E+2	+6.35876E-3
+1.47354E+2	+5.69842E-3
+1.47357E+2	+6.28539E-3
+1.47620E+2	+5.98579E-3
+1.47995E+2	+6.16310E-3
+1.48371E+2	+4.86078E-3
+1.48482E+2	+6.22424E-3
+1.48486E+2	+6.47493E-3
+1.48486E+2	+5.80848E-3
+1.48634E+2	+6.87846E-3
+1.49054E+2	+7.12914E-3
+1.49449E+2	+5.72899E-3
+1.49619E+2	+5.71065E-3
+1.49621E+2	+6.38933E-3
+1.49617E+2	+7.03743E-3
+1.49795E+2	+5.90631E-3
+1.50204E+2	+6.86623E-3
+1.50670E+2	+6.71338E-3
+1.50945E+2	+6.61555E-3
+1.50950E+2	+6.05305E-3
+1.50951E+2	+6.67058E-3
+1.51054E+2	+6.27927E-3
+1.51428E+2	+5.82682E-3
+1.51808E+2	+5.86351E-3
+1.51981E+2	+6.29761E-3
+1.51989E+2	+6.07750E-3
+1.51986E+2	+6.21813E-3
+1.52044E+2	+6.44435E-3
+1.52279E+2	+6.80509E-3
+1.52627E+2	+6.58498E-3
+1.52947E+2	+6.13253E-3
+1.53060E+2	+6.23647E-3
+1.53062E+2	+7.04355E-3
+1.53064E+2	+6.35876E-3
+1.53310E+2	+6.12642E-3
+1.53647E+2	+6.22424E-3
+1.53951E+2	+6.07139E-3
+1.54017E+2	+5.91242E-3
+1.54015E+2	+5.82682E-3
+1.54076E+2	+5.75345E-3
+1.54440E+2	+6.65835E-3
+1.54760E+2	+6.60944E-3
+1.54766E+2	+6.11419E-3
+1.54765E+2	+5.85128E-3
+1.55016E+2	+5.10535E-3
+1.55464E+2	+5.54557E-3
+1.55521E+2	+5.90019E-3
+1.55525E+2	+6.22424E-3
+1.55524E+2	+5.13592E-3
+1.55525E+2	+6.82955E-3
+1.55793E+2	+5.94299E-3
+1.56203E+2	+6.82343E-3
+1.56465E+2	+5.89408E-3
+1.56468E+2	+5.14203E-3
+1.56463E+2	+5.68008E-3
+1.56466E+2	+5.42940E-3
+1.56798E+2	+6.10196E-3
+1.57137E+2	+6.37710E-3
+1.57377E+2	+5.66785E-3
+1.57380E+2	+5.57003E-3
+1.57379E+2	+5.49666E-3
+1.57386E+2	+6.02859E-3
+1.57507E+2	+6.26704E-3
+1.57826E+2	+6.55441E-3
+1.58231E+2	+6.20590E-3
+1.58490E+2	+6.98240E-3
+1.58496E+2	+6.38321E-3
+1.58495E+2	+6.53607E-3
+1.58503E+2	+5.75345E-3
+1.58793E+2	+6.62778E-3
+1.59239E+2	+6.52995E-3
+1.59571E+2	+5.93688E-3
+1.59668E+2	+5.64340E-3
+1.59674E+2	+5.85739E-3
+1.59671E+2	+6.71338E-3
+1.59940E+2	+6.08973E-3
+1.60391E+2	+5.91853E-3
+1.60518E+2	+6.07139E-3
+1.60525E+2	+6.49938E-3
+1.60522E+2	+5.60060E-3
+1.60523E+2	+6.20590E-3
+1.60528E+2	+5.83905E-3
+1.60744E+2	+5.59448E-3
+1.61106E+2	+5.76568E-3
+1.61503E+2	+6.37098E-3
+1.61613E+2	+6.79286E-3
+1.61608E+2	+5.90631E-3
+1.61611E+2	+5.57003E-3
+1.61707E+2	+6.32207E-3
+1.62079E+2	+5.35603E-3
+1.62362E+2	+6.28539E-3
+1.62446E+2	+6.01025E-3
+1.62441E+2	+5.52723E-3
+1.62447E+2	+5.76568E-3
+1.62638E+2	+5.88796E-3
+1.62986E+2	+6.38933E-3
+1.63268E+2	+6.48104E-3
+1.63385E+2	+5.74734E-3
+1.63385E+2	+6.76841E-3
+1.63385E+2	+6.43213E-3
+1.63384E+2	+5.89408E-3
+1.63655E+2	+5.98579E-3
+1.64023E+2	+5.88185E-3
+1.64220E+2	+5.64951E-3
+1.64210E+2	+5.66785E-3
+1.64217E+2	+5.01975E-3
+1.64221E+2	+6.38321E-3
+1.64462E+2	+6.31596E-3
+1.64810E+2	+6.07139E-3
+1.65218E+2	+5.91853E-3
+1.65409E+2	+6.42601E-3
+1.65411E+2	+5.43551E-3
+1.65410E+2	+5.61894E-3
+1.65412E+2	+5.27654E-3
+1.65666E+2	+6.12030E-3
+1.66094E+2	+5.22763E-3
+1.66490E+2	+6.12642E-3
+1.66566E+2	+5.91242E-3
+1.66561E+2	+5.91853E-3
+1.66565E+2	+5.41106E-3
+1.66653E+2	+5.87574E-3
+1.67235E+2	+6.49327E-3
+1.67629E+2	+6.05916E-3
+1.67750E+2	+6.86012E-3
+1.67749E+2	+7.36148E-3
+1.67750E+2	+6.00413E-3
+1.67892E+2	+7.18417E-3
+1.68252E+2	+6.08973E-3
+1.68790E+2	+5.42940E-3
+1.68924E+2	+5.77179E-3
+1.68918E+2	+6.21202E-3
+1.68930E+2	+6.44435E-3
+1.69133E+2	+7.06189E-3
+1.69625E+2	+6.20590E-3
+1.69957E+2	+6.27927E-3
+1.69968E+2	+5.76568E-3
+1.69962E+2	+6.35876E-3
+1.69991E+2	+5.85128E-3
+1.70422E+2	+6.62778E-3
+1.70713E+2	+5.08700E-3
+1.70767E+2	+5.78402E-3
+1.70770E+2	+4.97084E-3
+1.70776E+2	+6.22424E-3
+1.71066E+2	+6.56664E-3
+1.71410E+2	+5.28877E-3
+1.71728E+2	+5.61283E-3
+1.71726E+2	+5.40494E-3
+1.71732E+2	+6.28539E-3
+1.71822E+2	+5.33157E-3
+1.72311E+2	+5.76568E-3
+1.72772E+2	+6.09585E-3
+1.72800E+2	+6.21813E-3
+1.72801E+2	+5.88185E-3
+1.72859E+2	+5.96133E-3
+1.73300E+2	+6.21813E-3
+1.73746E+2	+6.30373E-3
+1.73772E+2	+5.93688E-3
+1.73777E+2	+6.24259E-3
+1.73779E+2	+5.33769E-3
+1.74236E+2	+5.58225E-3
+1.74650E+2	+5.88796E-3
+1.74707E+2	+5.28877E-3
+1.74706E+2	+5.18483E-3
+1.74707E+2	+5.02586E-3
+1.74706E+2	+5.83905E-3
+1.74748E+2	+4.86689E-3
+1.74776E+2	+4.42056E-3
+1.74781E+2	+4.67124E-3
+1.74780E+2	+6.41990E-3
+1.74780E+2	+5.87574E-3
+1.74782E+2	+5.49666E-3
+1.74780E+2	+6.60944E-3
+1.74778E+2	+5.11758E-3
+1.74782E+2	+5.68620E-3
+1.74778E+2	+5.74122E-3
+1.74776E+2	+5.57003E-3
+1.74784E+2	+5.62505E-3
+1.74782E+2	+6.49938E-3
+1.74778E+2	+6.61555E-3
+1.74777E+2	+1.00578E-2
+1.74778E+2	+1.88745E-2
+1.74771E+2	+2.85655E-2
+1.74776E+2	+3.90880E-2
+1.74772E+2	+4.69875E-2
+1.74777E+2	+5.37559E-2
+1.74775E+2	+5.73389E-2
+1.74778E+2	+6.01820E-2
+1.74777E+2	+6.03776E-2
+1.74781E+2	+5.99007E-2
+1.74777E+2	+6.03898E-2
+1.74779E+2	+6.02614E-2
+1.74779E+2	+6.01453E-2
+1.74777E+2	+6.08362E-2
+1.74780E+2	+5.97479E-2
+1.74778E+2	+6.02492E-2
+1.74780E+2	+6.02737E-2
+1.74778E+2	+6.07506E-2
+1.74773E+2	+5.99007E-2
+1.74770E+2	+5.90325E-2
+1.74778E+2	+5.98701E-2
+1.74780E+2	+6.03226E-2
+1.74780E+2	+6.09890E-2
+1.74775E+2	+6.01758E-2
+1.74782E+2	+5.98334E-2
+1.74775E+2	+5.92648E-2
+1.74775E+2	+6.06038E-2
