+7.19210E+0	+5.51744E-2
+7.19821E+0	+5.53945E-2
+7.20275E+0	+5.63361E-2
+7.21014E+0	+5.66724E-2
+7.21323E+0	+5.70209E-2
+7.21781E+0	+5.31262E-2
+7.22248E+0	+4.63394E-2
+7.22770E+0	+3.96261E-2
+7.23045E+0	+3.20078E-2
+7.23711E+0	+2.36008E-2
+7.23739E+0	+1.79635E-2
+7.24204E+0	+1.32984E-2
+7.24471E+0	+8.68215E-3
+7.24694E+0	+7.90565E-3
+7.25117E+0	+6.81732E-3
+7.25492E+0	+7.34314E-3
+7.25863E+0	+7.51434E-3
+7.26287E+0	+7.63662E-3
+7.26719E+0	+7.77113E-3
+7.27010E+0	+7.86896E-3
+7.27308E+0	+7.39205E-3
+7.27610E+0	+7.35537E-3
+7.28054E+0	+7.83228E-3
+7.28484E+0	+7.47154E-3
+7.28585E+0	+7.58159E-3
+7.29094E+0	+7.50822E-3
+7.28924E+0	+7.72833E-3
+7.29160E+0	+7.52045E-3
+7.29343E+0	+7.88730E-3
+7.29355E+0	+7.30034E-3
+7.30373E+0	+7.74056E-3
+7.31003E+0	+6.95183E-3
+7.31312E+0	+7.55102E-3
+7.31319E+0	+7.16583E-3
+7.31486E+0	+8.30307E-3
+7.31697E+0	+7.33091E-3
+7.31917E+0	+7.61828E-3
+7.32006E+0	+7.59382E-3
+7.31843E+0	+7.98513E-3
+2.31650E+0	+8.12576E-3
+1.17187E-3	+8.49261E-3
+6.09015E-3	+7.59994E-3
+1.62605E-1	+7.50211E-3
+2.80218E-1	+7.59994E-3
+2.78940E-1	+7.73445E-3
+4.78849E-1	+7.58771E-3
+9.19329E-1	+7.67331E-3
+9.74815E-1	+7.60605E-3
+9.75596E-1	+7.56325E-3
+1.42334E+0	+7.06189E-3
+1.67424E+0	+6.63389E-3
+1.67566E+0	+6.23647E-3
+2.00105E+0	+6.26704E-3
+2.30213E+0	+5.75345E-3
+2.30923E+0	+5.93688E-3
+2.44592E+0	+5.58225E-3
+2.92590E+0	+5.20317E-3
+3.00399E+0	+4.85467E-3
+3.00438E+0	+4.48781E-3
+3.55111E+0	+4.20656E-3
+3.69846E+0	+4.28605E-3
+3.69839E+0	+5.11146E-3
+3.96668E+0	+4.93415E-3
+4.39894E+0	+5.11758E-3
+4.44741E+0	+4.92192E-3
+4.45842E+0	+4.75072E-3
+4.96697E+0	+6.00413E-3
+5.16211E+0	+5.85739E-3
+5.16072E+0	+6.30984E-3
+5.37327E+0	+6.57275E-3
+5.76938E+0	+7.75891E-3
+5.77728E+0	+7.40428E-3
+5.82112E+0	+7.40428E-3
+6.29303E+0	+8.93283E-3
+6.39766E+0	+8.48649E-3
+6.39761E+0	+8.63323E-3
+6.40711E+0	+8.63323E-3
+6.80922E+0	+9.46476E-3
+7.08530E+0	+9.80716E-3
+7.08874E+0	+1.01434E-2
+7.08729E+0	+9.61150E-3
+7.47148E+0	+9.04288E-3
+7.68387E+0	+1.01129E-2
+7.68334E+0	+9.91110E-3
+7.72682E+0	+1.05531E-2
+8.05713E+0	+1.07854E-2
+8.20163E+0	+1.10606E-2
+8.21443E+0	+1.05409E-2
+8.21581E+0	+1.07732E-2
+8.47016E+0	+1.03574E-2
+8.75823E+0	+1.12257E-2
+8.76304E+0	+1.11095E-2
+8.76462E+0	+1.13296E-2
+9.00535E+0	+1.21611E-2
+9.46033E+0	+1.24668E-2
+9.66369E+0	+1.25708E-2
+9.66438E+0	+1.22773E-2
+9.74025E+0	+1.20022E-2
+1.01914E+1	+1.12134E-2
+1.03902E+1	+1.08038E-2
+1.04041E+1	+1.11767E-2
+1.04413E+1	+1.08038E-2
+1.08794E+1	+9.29968E-3
+1.09802E+1	+9.08568E-3
+1.09812E+1	+9.09180E-3
+1.11662E+1	+8.59043E-3
+1.16204E+1	+7.30034E-3
+1.17062E+1	+7.05577E-3
+1.17251E+1	+7.77113E-3
+1.17221E+1	+7.28200E-3
+1.17275E+1	+7.64885E-3
+1.17278E+1	+7.70999E-3
+1.17758E+1	+7.39205E-3
+1.20437E+1	+7.10469E-3
+1.21096E+1	+6.72561E-3
+1.21091E+1	+6.68281E-3
+1.22663E+1	+6.54830E-3
+1.26363E+1	+4.87912E-3
+1.26409E+1	+5.58225E-3
+1.26410E+1	+5.83905E-3
+1.29577E+1	+5.66174E-3
+1.31609E+1	+4.89135E-3
+1.31579E+1	+5.92465E-3
+1.32288E+1	+5.19095E-3
+1.35270E+1	+5.37437E-3
+1.36118E+1	+5.01975E-3
+1.36133E+1	+5.71677E-3
+1.36935E+1	+5.04421E-3
+1.40143E+1	+5.75957E-3
+1.42269E+1	+5.93688E-3
+1.42262E+1	+6.31596E-3
+1.42266E+1	+6.36487E-3
+1.45612E+1	+6.96406E-3
+1.46988E+1	+7.22697E-3
+1.46989E+1	+7.36760E-3
+1.47035E+1	+6.21202E-3
+1.50635E+1	+7.62439E-3
+1.51551E+1	+7.79559E-3
+1.51553E+1	+7.70388E-3
+1.52252E+1	+7.86896E-3
+1.55831E+1	+9.36082E-3
+1.56800E+1	+9.44031E-3
+1.56849E+1	+9.65430E-3
+1.58455E+1	+9.22020E-3
+1.62228E+1	+1.12990E-2
+1.62875E+1	+1.08099E-2
+1.62856E+1	+1.06998E-2
+1.64429E+1	+1.16720E-2
+1.67385E+1	+1.22284E-2
+1.68199E+1	+1.20939E-2
+1.68203E+1	+1.23873E-2
+1.68230E+1	+1.21611E-2
+1.71253E+1	+1.30966E-2
+1.73557E+1	+1.28520E-2
+1.73890E+1	+1.37019E-2
+1.74111E+1	+1.29376E-2
+1.74536E+1	+1.36774E-2
+1.78175E+1	+1.35857E-2
+1.78908E+1	+1.36469E-2
+1.78925E+1	+1.34940E-2
+1.80558E+1	+1.34512E-2
+1.83458E+1	+1.36224E-2
+1.83494E+1	+1.34634E-2
+1.83506E+1	+1.37630E-2
+1.85788E+1	+1.36041E-2
+1.88861E+1	+1.33412E-2
+1.89491E+1	+1.33045E-2
+1.89516E+1	+1.30049E-2
+1.90288E+1	+1.32922E-2
+1.92618E+1	+1.25341E-2
+1.93041E+1	+1.29193E-2
+1.93317E+1	+1.32922E-2
+1.93827E+1	+1.27481E-2
+1.97710E+1	+1.15803E-2
+1.98736E+1	+1.11217E-2
+1.98730E+1	+1.14152E-2
+1.98741E+1	+1.17576E-2
+2.01880E+1	+1.10606E-2
+2.02790E+1	+1.14274E-2
+2.02878E+1	+1.05592E-2
+2.02926E+1	+1.10117E-2
+2.06494E+1	+9.99670E-3
+2.08641E+1	+9.29357E-3
+2.08740E+1	+9.59928E-3
+2.08876E+1	+9.57482E-3
+2.13474E+1	+7.86285E-3
+2.14387E+1	+8.06461E-3
+2.14388E+1	+7.65496E-3
+2.16232E+1	+7.31257E-3
+2.19650E+1	+6.27316E-3
+2.19811E+1	+7.06800E-3
+2.19875E+1	+7.11692E-3
+2.21600E+1	+6.47493E-3
+2.24268E+1	+6.63389E-3
+2.24408E+1	+6.27927E-3
+2.24407E+1	+6.59110E-3
+2.24403E+1	+6.57887E-3
+2.25634E+1	+6.33430E-3
+2.28133E+1	+6.13253E-3
+2.28401E+1	+5.80848E-3
+2.28411E+1	+6.54830E-3
+2.29278E+1	+6.24259E-3
+2.31226E+1	+6.56052E-3
+2.31694E+1	+5.86351E-3
+2.31678E+1	+6.35876E-3
+2.34492E+1	+6.18144E-3
+2.35826E+1	+6.34041E-3
+2.35836E+1	+5.90631E-3
+2.36282E+1	+5.83905E-3
+2.39430E+1	+6.49327E-3
+2.41231E+1	+6.41990E-3
+2.42207E+1	+5.79014E-3
+2.42272E+1	+6.08362E-3
+2.42331E+1	+6.47493E-3
+2.45025E+1	+6.35876E-3
+2.47380E+1	+6.52995E-3
+2.47440E+1	+6.38933E-3
+2.47436E+1	+6.62167E-3
+2.49909E+1	+6.48715E-3
+2.53000E+1	+7.19640E-3
+2.53028E+1	+6.76229E-3
+2.53102E+1	+6.89069E-3
+2.53666E+1	+7.16583E-3
+2.57837E+1	+7.28200E-3
+2.58313E+1	+6.71949E-3
+2.58321E+1	+7.89953E-3
+2.59204E+1	+7.76502E-3
+2.62395E+1	+7.37371E-3
+2.63776E+1	+7.75279E-3
+2.63775E+1	+7.55102E-3
+2.63828E+1	+8.08907E-3
+2.69070E+1	+7.89953E-3
+2.70789E+1	+7.90565E-3
+2.70783E+1	+8.15633E-3
+2.70799E+1	+8.22970E-3
+2.73992E+1	+8.52929E-3
+2.75459E+1	+8.23581E-3
+2.75461E+1	+8.73106E-3
+2.75459E+1	+8.33364E-3
+2.78323E+1	+8.57821E-3
+2.80830E+1	+8.27861E-3
+2.81190E+1	+8.44981E-3
+2.81202E+1	+7.99736E-3
+2.82501E+1	+9.16517E-3
+2.85451E+1	+9.68487E-3
+2.86115E+1	+9.05511E-3
+2.86057E+1	+8.95117E-3
+2.88031E+1	+8.79832E-3
+2.89753E+1	+8.54152E-3
+2.89961E+1	+8.69438E-3
+2.89945E+1	+8.36421E-3
+2.92719E+1	+8.21136E-3
+2.95328E+1	+9.11626E-3
+2.95417E+1	+8.90226E-3
+2.95405E+1	+8.89614E-3
+2.97528E+1	+8.87169E-3
+2.99205E+1	+9.45865E-3
+2.99219E+1	+9.04900E-3
+2.99257E+1	+9.46476E-3
+3.03121E+1	+8.52318E-3
+3.04140E+1	+9.04900E-3
+3.04239E+1	+8.91449E-3
+3.04297E+1	+8.57209E-3
+3.05243E+1	+8.49261E-3
+3.08453E+1	+8.05239E-3
+3.09133E+1	+8.49261E-3
+3.09145E+1	+8.26027E-3
+3.09551E+1	+8.44369E-3
+3.13825E+1	+7.34314E-3
+3.15320E+1	+7.14137E-3
+3.15342E+1	+7.88730E-3
+3.15374E+1	+7.67942E-3
+3.18908E+1	+7.63662E-3
+3.22165E+1	+6.90903E-3
+3.22221E+1	+6.48104E-3
+3.22200E+1	+6.75006E-3
+3.22753E+1	+7.22697E-3
+3.25935E+1	+6.24870E-3
+3.27632E+1	+6.42601E-3
+3.27657E+1	+6.19979E-3
+3.27622E+1	+6.67669E-3
+3.28682E+1	+6.23647E-3
+3.31608E+1	+5.97356E-3
+3.32310E+1	+5.22763E-3
+3.32362E+1	+5.84516E-3
+3.32834E+1	+5.43551E-3
+3.35842E+1	+5.14203E-3
+3.38648E+1	+5.30712E-3
+3.39136E+1	+5.16649E-3
+3.39137E+1	+4.86078E-3
+3.39882E+1	+5.85128E-3
+3.43777E+1	+5.41717E-3
+3.45419E+1	+5.49666E-3
+3.45534E+1	+5.33157E-3
+3.45570E+1	+5.72899E-3
+3.49252E+1	+6.07139E-3
+3.50770E+1	+6.86623E-3
+3.50933E+1	+7.10469E-3
+3.50980E+1	+6.95183E-3
+3.51074E+1	+6.54830E-3
+3.51153E+1	+6.12642E-3
+3.52109E+1	+6.71949E-3
+3.55856E+1	+7.56937E-3
+3.57285E+1	+8.95729E-3
+3.57428E+1	+8.18690E-3
+3.59128E+1	+9.00620E-3
+3.62818E+1	+1.09627E-2
+3.62806E+1	+1.09138E-2
+3.62769E+1	+1.05653E-2
+3.66671E+1	+1.23445E-2
+3.68403E+1	+1.39098E-2
+3.68533E+1	+1.33534E-2
+3.68519E+1	+1.31822E-2
+3.72248E+1	+1.56034E-2
+3.73627E+1	+1.52916E-2
+3.73637E+1	+1.60620E-2
+3.73651E+1	+1.57440E-2
+3.75973E+1	+1.71686E-2
+3.78261E+1	+1.74682E-2
+3.78316E+1	+1.76822E-2
+3.78356E+1	+1.75172E-2
+3.79340E+1	+1.84159E-2
+3.82924E+1	+1.95654E-2
+3.83723E+1	+1.94859E-2
+3.83694E+1	+1.94798E-2
+3.85186E+1	+2.02563E-2
+3.87586E+1	+2.06598E-2
+3.87600E+1	+2.06843E-2
+3.87589E+1	+2.03786E-2
+3.91105E+1	+2.07271E-2
+3.92258E+1	+2.04825E-2
+3.92306E+1	+2.09778E-2
+3.92354E+1	+2.13813E-2
+3.95865E+1	+2.01401E-2
+3.96948E+1	+1.99689E-2
+3.96975E+1	+2.00362E-2
+3.96982E+1	+2.01829E-2
+4.00558E+1	+1.92780E-2
+4.01429E+1	+1.83609E-2
+4.01410E+1	+1.82509E-2
+4.03113E+1	+1.78045E-2
+4.06124E+1	+1.53038E-2
+4.06751E+1	+1.63799E-2
+4.06729E+1	+1.60864E-2
+4.07571E+1	+1.56034E-2
+4.10732E+1	+1.23384E-2
+4.11340E+1	+1.21733E-2
+4.11341E+1	+1.30905E-2
+4.11587E+1	+1.23996E-2
+4.14472E+1	+1.08221E-2
+4.15421E+1	+9.38528E-3
+4.15419E+1	+9.87441E-3
+4.16268E+1	+8.98174E-3
+4.20036E+1	+7.42262E-3
+4.20509E+1	+7.50211E-3
+4.20529E+1	+7.20863E-3
+4.21498E+1	+7.36760E-3
+4.24921E+1	+5.93688E-3
+4.25264E+1	+5.77179E-3
+4.25281E+1	+5.89408E-3
+4.25325E+1	+6.10807E-3
+4.28211E+1	+5.95522E-3
+4.28785E+1	+6.08362E-3
+4.28933E+1	+6.32207E-3
+4.28922E+1	+6.13865E-3
+4.31362E+1	+6.85401E-3
+4.32847E+1	+7.78948E-3
+4.32816E+1	+7.79559E-3
+4.32824E+1	+7.68554E-3
+4.32842E+1	+7.77113E-3
+4.35326E+1	+9.23854E-3
+4.38041E+1	+1.11645E-2
+4.41435E+1	+1.60497E-2
+4.44947E+1	+2.20967E-2
+4.49037E+1	+3.01919E-2
+4.49655E+1	+3.10417E-2
+4.49679E+1	+3.17265E-2
+4.49676E+1	+3.13658E-2
+4.52012E+1	+3.70703E-2
+4.54387E+1	+4.25181E-2
+4.54515E+1	+4.23102E-2
+4.54570E+1	+4.21451E-2
+4.58040E+1	+5.15120E-2
+4.61000E+1	+5.91976E-2
+4.61033E+1	+5.97479E-2
+4.62297E+1	+6.21079E-2
+4.68236E+1	+7.41773E-2
+4.68701E+1	+7.56631E-2
+4.68686E+1	+7.51739E-2
+4.71433E+1	+7.89892E-2
+4.75002E+1	+8.48221E-2
+4.75436E+1	+8.47488E-2
+4.75437E+1	+8.45103E-2
+4.78518E+1	+8.75124E-2
+4.81771E+1	+8.76041E-2
+4.82219E+1	+8.83928E-2
+4.82662E+1	+8.75919E-2
+4.86979E+1	+8.40395E-2
+4.88443E+1	+8.21441E-2
+4.88412E+1	+8.21992E-2
+4.89911E+1	+7.98696E-2
+4.93151E+1	+7.41896E-2
+4.93711E+1	+7.30218E-2
+4.93715E+1	+7.29362E-2
+4.96388E+1	+6.77697E-2
+4.98589E+1	+6.08545E-2
+4.98565E+1	+6.06650E-2
+4.98679E+1	+6.07689E-2
+5.02977E+1	+4.94210E-2
+5.03500E+1	+4.78741E-2
+5.03629E+1	+4.78741E-2
+5.05437E+1	+4.19861E-2
+5.09118E+1	+3.14453E-2
+5.09515E+1	+3.09378E-2
+5.09490E+1	+3.01002E-2
+5.13187E+1	+2.20416E-2
+5.14889E+1	+1.75172E-2
+5.14991E+1	+1.72787E-2
+5.16269E+1	+1.40321E-2
+5.20012E+1	+1.02657E-2
+5.20477E+1	+9.16517E-3
+5.20531E+1	+9.99058E-3
+5.24016E+1	+9.27522E-3
+5.27076E+1	+1.17576E-2
+5.27318E+1	+1.20939E-2
+5.27303E+1	+1.18982E-2
+5.28997E+1	+1.49614E-2
+5.32379E+1	+2.37659E-2
+5.34296E+1	+3.15309E-2
+5.34558E+1	+3.30472E-2
+5.34558E+1	+3.29127E-2
+5.34556E+1	+3.28026E-2
+5.34637E+1	+3.28882E-2
+5.34610E+1	+3.29127E-2
+5.35484E+1	+3.56763E-2
+5.37806E+1	+4.63517E-2
+5.41245E+1	+6.36365E-2
+5.45193E+1	+8.65830E-2
+5.49581E+1	+1.16665E-1
+5.50502E+1	+1.21697E-1
+5.50447E+1	+1.21428E-1
+5.50509E+1	+1.22382E-1
+5.50826E+1	+1.24693E-1
+5.53399E+1	+1.44472E-1
+5.56445E+1	+1.64802E-1
+5.59788E+1	+1.83523E-1
+5.60735E+1	+1.89577E-1
+5.60748E+1	+1.89931E-1
+5.60761E+1	+1.89956E-1
+5.60802E+1	+1.88684E-1
+5.60811E+1	+1.88794E-1
+5.60868E+1	+1.89448E-1
+5.61012E+1	+1.90329E-1
+5.61221E+1	+1.91417E-1
+5.61248E+1	+1.90763E-1
+5.61207E+1	+1.90084E-1
+5.61186E+1	+1.90084E-1
+5.61193E+1	+1.89619E-1
+5.61227E+1	+1.90310E-1
+5.61280E+1	+1.89772E-1
+5.62348E+1	+1.95544E-1
+5.65203E+1	+2.09937E-1
+5.68015E+1	+2.22269E-1
+5.68168E+1	+2.23602E-1
+5.68195E+1	+2.23321E-1
+5.70683E+1	+2.29099E-1
+5.74211E+1	+2.32969E-1
+5.75546E+1	+2.31917E-1
+5.75552E+1	+2.32620E-1
+5.75704E+1	+2.32804E-1
+5.79551E+1	+2.25552E-1
+5.82286E+1	+2.20789E-1
+5.82267E+1	+2.19579E-1
+5.82261E+1	+2.19677E-1
+5.82784E+1	+2.17867E-1
+5.86506E+1	+1.99775E-1
+5.89037E+1	+1.85199E-1
+5.89050E+1	+1.84092E-1
+5.89067E+1	+1.84526E-1
+5.89044E+1	+1.84477E-1
+5.89435E+1	+1.80699E-1
+5.91289E+1	+1.68923E-1
+5.93124E+1	+1.53142E-1
+5.95081E+1	+1.41079E-1
+5.97006E+1	+1.27157E-1
+5.97232E+1	+1.26148E-1
+5.97210E+1	+1.26393E-1
+5.98370E+1	+1.17710E-1
+6.01141E+1	+9.67448E-2
+6.01895E+1	+9.01965E-2
+6.01932E+1	+8.94873E-2
+6.01915E+1	+9.03249E-2
+6.03818E+1	+7.74301E-2
+6.06920E+1	+5.64034E-2
+6.10313E+1	+3.81220E-2
+6.13976E+1	+2.46891E-2
+6.14604E+1	+2.31911E-2
+6.14637E+1	+2.34846E-2
+6.14651E+1	+2.36558E-2
+6.16859E+1	+1.95715E-2
+6.20599E+1	+1.97672E-2
+6.22100E+1	+2.21028E-2
+6.22048E+1	+2.28854E-2
+6.22163E+1	+2.30199E-2
+6.26225E+1	+4.05310E-2
+6.28120E+1	+5.12736E-2
+6.28221E+1	+5.19523E-2
+6.28177E+1	+5.21785E-2
+6.31437E+1	+7.55469E-2
+6.33335E+1	+8.93956E-2
+6.33365E+1	+9.00009E-2
+6.33318E+1	+8.98052E-2
+6.36245E+1	+1.18634E-1
+6.40007E+1	+1.64068E-1
+6.40773E+1	+1.69510E-1
+6.40740E+1	+1.69687E-1
+6.42629E+1	+1.95391E-1
+6.46468E+1	+2.40104E-1
+6.46769E+1	+2.43754E-1
+6.46862E+1	+2.43718E-1
+6.50783E+1	+2.82182E-1
+6.53463E+1	+3.11854E-1
+6.53566E+1	+3.12667E-1
+6.53575E+1	+3.14557E-1
+6.57853E+1	+3.47934E-1
+6.60542E+1	+3.68221E-1
+6.60665E+1	+3.68184E-1
+6.60652E+1	+3.69126E-1
+6.65073E+1	+3.88734E-1
+6.67855E+1	+3.93717E-1
+6.67917E+1	+3.93668E-1
+6.67905E+1	+3.92983E-1
+6.67933E+1	+3.92635E-1
+6.71249E+1	+3.93815E-1
+6.76201E+1	+3.80883E-1
+6.76939E+1	+3.75350E-1
+6.76951E+1	+3.76909E-1
+6.76958E+1	+3.75913E-1
+6.80862E+1	+3.53577E-1
+6.86965E+1	+2.98660E-1
+6.88573E+1	+2.82671E-1
+6.88602E+1	+2.83069E-1
+6.88591E+1	+2.83118E-1
+6.88587E+1	+2.83497E-1
+6.90569E+1	+2.59621E-1
+6.94432E+1	+2.13569E-1
+6.98479E+1	+1.60944E-1
+6.99891E+1	+1.40418E-1
+6.99961E+1	+1.41293E-1
+6.99958E+1	+1.40840E-1
+6.99956E+1	+1.41122E-1
+7.00061E+1	+1.39330E-1
+7.02749E+1	+1.12128E-1
+7.06259E+1	+7.73934E-2
+7.08706E+1	+5.68925E-2
+7.11410E+1	+4.13503E-2
+7.11985E+1	+3.81281E-2
+7.12063E+1	+3.83726E-2
+7.12075E+1	+3.77918E-2
+7.14685E+1	+3.05281E-2
+7.18008E+1	+3.17693E-2
+7.21461E+1	+4.25853E-2
+7.24180E+1	+5.98885E-2
+7.24535E+1	+6.18756E-2
+7.24536E+1	+6.20346E-2
+7.24519E+1	+6.21385E-2
+7.24532E+1	+6.33063E-2
+7.26900E+1	+8.41190E-2
+7.30101E+1	+1.19227E-1
+7.32836E+1	+1.60919E-1
+7.35741E+1	+2.02380E-1
+7.36428E+1	+2.11490E-1
+7.36471E+1	+2.11777E-1
+7.36429E+1	+2.11673E-1
+7.36466E+1	+2.10670E-1
+7.37396E+1	+2.26989E-1
+7.39969E+1	+2.62592E-1
+7.42609E+1	+3.00653E-1
+7.45089E+1	+3.36036E-1
+7.47510E+1	+3.66815E-1
+7.48354E+1	+3.77930E-1
+7.48399E+1	+3.77820E-1
+7.48370E+1	+3.77643E-1
+7.49166E+1	+3.86105E-1
+7.52032E+1	+4.14921E-1
+7.53613E+1	+4.27321E-1
+7.53616E+1	+4.27223E-1
+7.53606E+1	+4.27027E-1
+7.54289E+1	+4.32420E-1
+7.56554E+1	+4.47106E-1
+7.59057E+1	+4.59824E-1
+7.60284E+1	+4.64006E-1
+7.60242E+1	+4.62691E-1
+7.60274E+1	+4.64244E-1
+7.60276E+1	+4.63021E-1
+7.60897E+1	+4.65632E-1
+7.64406E+1	+4.68842E-1
+7.66260E+1	+4.66078E-1
+7.66312E+1	+4.67375E-1
+7.66291E+1	+4.67106E-1
+7.69283E+1	+4.55146E-1
+7.71016E+1	+4.46580E-1
+7.70986E+1	+4.45254E-1
+7.72258E+1	+4.39690E-1
+7.75334E+1	+4.13576E-1
+7.76046E+1	+4.07315E-1
+7.76022E+1	+4.08911E-1
+7.75993E+1	+4.08477E-1
+7.76039E+1	+4.06453E-1
+7.76044E+1	+4.04649E-1
+7.77477E+1	+3.90837E-1
+7.79118E+1	+3.69383E-1
+7.79199E+1	+3.68349E-1
+7.79183E+1	+3.67787E-1
+7.80616E+1	+3.52189E-1
+7.83792E+1	+3.07434E-1
+7.85030E+1	+2.90406E-1
+7.85054E+1	+2.90387E-1
+7.85035E+1	+2.90613E-1
+7.87353E+1	+2.56337E-1
+7.89380E+1	+2.28347E-1
+7.89462E+1	+2.25730E-1
+7.89471E+1	+2.25699E-1
+7.90851E+1	+2.06825E-1
+7.93904E+1	+1.65774E-1
+7.94622E+1	+1.58186E-1
+7.94672E+1	+1.57966E-1
+7.95806E+1	+1.40351E-1
+7.97750E+1	+1.14800E-1
+7.97788E+1	+1.14507E-1
+7.97748E+1	+1.14329E-1
+7.98671E+1	+1.04021E-1
+8.01176E+1	+7.83533E-2
+8.02768E+1	+6.65774E-2
+8.02782E+1	+6.71277E-2
+8.02800E+1	+6.75434E-2
+8.03099E+1	+6.38994E-2
+8.05823E+1	+4.50249E-2
+8.09374E+1	+3.38237E-2
+8.10978E+1	+3.39093E-2
+8.10984E+1	+3.42395E-2
+8.10985E+1	+3.24113E-2
+8.10964E+1	+3.35302E-2
+8.14292E+1	+4.06899E-2
+8.17807E+1	+6.13681E-2
+8.18669E+1	+6.86562E-2
+8.18699E+1	+7.00319E-2
+8.18659E+1	+7.02887E-2
+8.18677E+1	+6.93043E-2
+8.18683E+1	+7.09490E-2
+8.22323E+1	+1.02932E-1
+8.25903E+1	+1.43769E-1
+8.27568E+1	+1.64875E-1
+8.27646E+1	+1.64814E-1
+8.27632E+1	+1.65609E-1
+8.27654E+1	+1.66624E-1
+8.29642E+1	+1.87926E-1
+8.32280E+1	+2.20172E-1
+8.34336E+1	+2.46035E-1
+8.34418E+1	+2.45595E-1
+8.34409E+1	+2.47178E-1
+8.35536E+1	+2.55598E-1
+8.38645E+1	+2.94092E-1
+8.41425E+1	+3.25073E-1
+8.41599E+1	+3.28362E-1
+8.41628E+1	+3.29310E-1
+8.42708E+1	+3.38047E-1
+8.45228E+1	+3.58450E-1
+8.47503E+1	+3.73595E-1
+8.49876E+1	+3.85090E-1
+8.51356E+1	+3.89584E-1
+8.51363E+1	+3.89822E-1
+8.51372E+1	+3.90091E-1
+8.51362E+1	+3.89303E-1
+8.53535E+1	+3.94176E-1
+8.56046E+1	+3.97569E-1
+8.58883E+1	+3.95967E-1
+8.60351E+1	+3.93723E-1
+8.60353E+1	+3.93766E-1
+8.60346E+1	+3.93558E-1
+8.60319E+1	+3.93803E-1
+8.61815E+1	+3.87419E-1
+8.64922E+1	+3.69315E-1
+8.67365E+1	+3.50569E-1
+8.68044E+1	+3.44327E-1
+8.68153E+1	+3.45164E-1
+8.68189E+1	+3.44926E-1
+8.68218E+1	+3.44149E-1
+8.68240E+1	+3.42431E-1
+8.69454E+1	+3.33498E-1
+8.73095E+1	+2.96984E-1
+8.75298E+1	+2.73763E-1
+8.75306E+1	+2.73243E-1
+8.75355E+1	+2.72540E-1
+8.76894E+1	+2.55286E-1
+8.80580E+1	+2.12994E-1
+8.83243E+1	+1.79292E-1
+8.83630E+1	+1.78051E-1
+8.85595E+1	+1.51051E-1
+8.89442E+1	+1.09719E-1
+8.89864E+1	+1.05580E-1
+8.89872E+1	+1.06173E-1
+8.93339E+1	+7.46420E-2
+8.95787E+1	+5.50827E-2
+8.95818E+1	+5.48015E-2
+8.95834E+1	+5.46792E-2
+8.97111E+1	+4.75562E-2
+9.01975E+1	+2.85838E-2
+9.03817E+1	+2.58508E-2
+9.03812E+1	+2.52210E-2
+9.04555E+1	+2.43650E-2
+9.07754E+1	+2.63888E-2
+9.10555E+1	+3.42395E-2
+9.10547E+1	+3.31144E-2
+9.10564E+1	+3.46613E-2
+9.13608E+1	+4.75195E-2
+9.16709E+1	+6.63023E-2
+9.16811E+1	+6.68403E-2
+9.16853E+1	+6.63267E-2
+9.17909E+1	+7.10652E-2
+9.21517E+1	+9.68977E-2
+9.24178E+1	+1.18493E-1
+9.24156E+1	+1.18291E-1
+9.24154E+1	+1.17906E-1
+9.27328E+1	+1.42503E-1
+9.30731E+1	+1.68672E-1
+9.31415E+1	+1.71766E-1
+9.31453E+1	+1.72023E-1
+9.32358E+1	+1.78797E-1
+9.36365E+1	+2.00356E-1
+9.38689E+1	+2.11367E-1
+9.38869E+1	+2.11471E-1
+9.38977E+1	+2.11355E-1
+9.40765E+1	+2.18851E-1
+9.44956E+1	+2.32669E-1
+9.45179E+1	+2.34106E-1
+9.45188E+1	+2.33018E-1
+9.45275E+1	+2.33140E-1
+9.48742E+1	+2.38264E-1
+9.50896E+1	+2.38832E-1
+9.50986E+1	+2.38423E-1
+9.50963E+1	+2.38478E-1
+9.52911E+1	+2.36057E-1
+9.56146E+1	+2.27167E-1
+9.56607E+1	+2.25363E-1
+9.56760E+1	+2.25002E-1
+9.56727E+1	+2.24201E-1
+9.59256E+1	+2.14730E-1
+9.62843E+1	+2.01090E-1
+9.63226E+1	+1.99096E-1
+9.63327E+1	+1.98265E-1
+9.64306E+1	+1.95342E-1
+9.66846E+1	+1.80051E-1
+9.69652E+1	+1.61965E-1
+9.70329E+1	+1.58547E-1
+9.70330E+1	+1.58877E-1
+9.71088E+1	+1.53001E-1
+9.73808E+1	+1.33895E-1
+9.76300E+1	+1.16298E-1
+9.76426E+1	+1.15552E-1
+9.76406E+1	+1.15442E-1
+9.78793E+1	+1.01441E-1
+9.82022E+1	+8.24009E-2
+9.82545E+1	+7.99919E-2
+9.82543E+1	+7.95150E-2
+9.83324E+1	+7.48010E-2
+9.86519E+1	+5.68681E-2
+9.88406E+1	+4.56791E-2
+9.88473E+1	+4.64984E-2
+9.89488E+1	+4.28788E-2
+9.92923E+1	+2.82170E-2
+9.94368E+1	+2.39065E-2
+9.94334E+1	+2.39737E-2
+9.97212E+1	+1.74988E-2
+9.99584E+1	+1.38303E-2
+9.99616E+1	+1.39954E-2
+1.00085E+2	+1.25647E-2
+1.00354E+2	+1.19532E-2
+1.00398E+2	+1.29804E-2
+1.00417E+2	+1.28459E-2
+1.00745E+2	+1.56768E-2
+1.00879E+2	+1.64472E-2
+1.00886E+2	+1.71197E-2
+1.01087E+2	+2.02869E-2
+1.01396E+2	+2.74038E-2
+1.01410E+2	+2.76973E-2
+1.01512E+2	+3.02958E-2
+1.01882E+2	+4.02742E-2
+1.01910E+2	+4.05126E-2
+1.01921E+2	+4.07755E-2
+1.02292E+2	+5.24414E-2
+1.02361E+2	+5.40189E-2
+1.02373E+2	+5.49421E-2
+1.02694E+2	+6.37343E-2
+1.02729E+2	+6.36548E-2
+1.02733E+2	+6.41440E-2
+1.03094E+2	+7.17745E-2
+1.03124E+2	+7.33947E-2
+1.03127E+2	+7.37983E-2
+1.03470E+2	+8.00103E-2
+1.03646E+2	+8.35320E-2
+1.03652E+2	+8.43819E-2
+1.03874E+2	+8.56598E-2
+1.04151E+2	+8.84723E-2
+1.04153E+2	+8.78120E-2
+1.04154E+2	+8.75430E-2
+1.04159E+2	+8.65830E-2
+1.04300E+2	+8.68765E-2
+1.04609E+2	+8.62101E-2
+1.04815E+2	+8.46509E-2
+1.04921E+2	+8.43941E-2
+1.04920E+2	+8.35320E-2
+1.04931E+2	+8.26944E-2
+1.05286E+2	+8.01020E-2
+1.05618E+2	+7.51801E-2
+1.05667E+2	+7.31807E-2
+1.05670E+2	+7.39572E-2
+1.05873E+2	+6.95550E-2
+1.06205E+2	+6.16983E-2
+1.06269E+2	+6.03654E-2
+1.06274E+2	+6.00902E-2
+1.06358E+2	+5.75834E-2
+1.06720E+2	+4.89930E-2
+1.06999E+2	+4.26526E-2
+1.06994E+2	+4.19800E-2
+1.06998E+2	+4.26648E-2
+1.07390E+2	+3.33651E-2
+1.07672E+2	+2.79785E-2
+1.07668E+2	+2.68168E-2
+1.07668E+2	+2.72876E-2
+1.07997E+2	+2.08616E-2
+1.08409E+2	+1.58113E-2
+1.08426E+2	+1.39831E-2
+1.08423E+2	+1.42827E-2
+1.08866E+2	+1.01924E-2
+1.09236E+2	+7.08023E-3
+1.09237E+2	+7.15360E-3
+1.09249E+2	+6.47493E-3
+1.09756E+2	+5.17872E-3
+1.10024E+2	+5.20317E-3
+1.10033E+2	+5.22152E-3
+1.10035E+2	+5.70454E-3
+1.10252E+2	+5.96133E-3
+1.10790E+2	+7.30646E-3
+1.10867E+2	+7.67942E-3
+1.10869E+2	+7.90565E-3
+1.11107E+2	+9.08568E-3
+1.11362E+2	+9.39139E-3
+1.11390E+2	+9.87441E-3
+1.11394E+2	+9.78270E-3
+1.11742E+2	+1.18982E-2
+1.11991E+2	+1.18738E-2
+1.12002E+2	+1.17576E-2
+1.12012E+2	+1.18615E-2
+1.12466E+2	+1.35246E-2
+1.12876E+2	+1.36102E-2
+1.12886E+2	+1.45090E-2
+1.12904E+2	+1.47902E-2
+1.13364E+2	+1.39465E-2
+1.13650E+2	+1.32861E-2
+1.13666E+2	+1.35918E-2
+1.13667E+2	+1.37814E-2
+1.14012E+2	+1.37386E-2
+1.14462E+2	+1.29315E-2
+1.14519E+2	+1.16475E-2
+1.14516E+2	+1.17454E-2
+1.14864E+2	+1.07243E-2
+1.15189E+2	+9.94167E-3
+1.15196E+2	+1.02780E-2
+1.15198E+2	+1.02229E-2
+1.15657E+2	+9.93556E-3
+1.15947E+2	+8.36421E-3
+1.15950E+2	+9.48922E-3
+1.16081E+2	+9.19574E-3
+1.16544E+2	+6.97629E-3
+1.16623E+2	+7.14749E-3
+1.16621E+2	+7.09246E-3
+1.16764E+2	+6.30373E-3
+1.17190E+2	+6.96406E-3
+1.17297E+2	+6.75618E-3
+1.17300E+2	+7.35537E-3
+1.17379E+2	+6.60944E-3
+1.17761E+2	+5.52723E-3
+1.17842E+2	+5.61283E-3
+1.17843E+2	+5.80848E-3
+1.17847E+2	+5.52723E-3
+1.18198E+2	+5.55780E-3
+1.18698E+2	+5.85128E-3
+1.18761E+2	+6.02859E-3
+1.18762E+2	+5.39883E-3
+1.18906E+2	+6.70115E-3
+1.19392E+2	+5.44163E-3
+1.19523E+2	+5.42329E-3
+1.19527E+2	+6.29150E-3
+1.19725E+2	+6.12030E-3
+1.20239E+2	+5.39271E-3
+1.20378E+2	+5.89408E-3
+1.20383E+2	+5.49666E-3
+1.20510E+2	+5.20317E-3
+1.21046E+2	+5.90631E-3
+1.21187E+2	+5.19095E-3
+1.21186E+2	+5.01975E-3
+1.21344E+2	+5.09923E-3
+1.21960E+2	+5.82682E-3
+1.22062E+2	+6.38321E-3
+1.22061E+2	+6.43824E-3
+1.22281E+2	+6.16922E-3
+1.22950E+2	+6.64001E-3
+1.23050E+2	+7.02520E-3
+1.23047E+2	+6.90292E-3
+1.23478E+2	+7.63662E-3
+1.23838E+2	+7.36148E-3
+1.23847E+2	+7.45931E-3
+1.23925E+2	+7.75891E-3
+1.24370E+2	+7.84450E-3
+1.24373E+2	+7.01909E-3
+1.24374E+2	+7.14137E-3
+1.24380E+2	+7.82005E-3
+1.24609E+2	+7.40428E-3
+1.25111E+2	+8.27250E-3
+1.25248E+2	+7.80170E-3
+1.25247E+2	+8.16856E-3
+1.25346E+2	+8.63323E-3
+1.25975E+2	+7.82616E-3
+1.26098E+2	+8.07684E-3
+1.26101E+2	+9.28745E-3
+1.26318E+2	+8.24804E-3
+1.26887E+2	+7.87507E-3
+1.26984E+2	+7.58159E-3
+1.26987E+2	+7.95456E-3
+1.27140E+2	+6.94572E-3
+1.27763E+2	+7.45320E-3
+1.27871E+2	+7.41651E-3
+1.27868E+2	+7.14137E-3
+1.28266E+2	+6.90903E-3
+1.28679E+2	+5.96745E-3
+1.28695E+2	+6.36487E-3
+1.28697E+2	+6.37710E-3
+1.29028E+2	+6.12642E-3
+1.29440E+2	+6.93349E-3
+1.29440E+2	+6.98852E-3
+1.29439E+2	+6.53607E-3
+1.29842E+2	+6.80509E-3
+1.30273E+2	+7.48377E-3
+1.30288E+2	+6.61555E-3
+1.30282E+2	+7.28811E-3
+1.30673E+2	+7.58771E-3
+1.31136E+2	+8.69438E-3
+1.31152E+2	+9.38528E-3
+1.31154E+2	+9.75824E-3
+1.31447E+2	+1.01985E-2
+1.31752E+2	+1.09689E-2
+1.31831E+2	+1.04491E-2
+1.31823E+2	+1.00823E-2
+1.32035E+2	+1.09261E-2
+1.32559E+2	+1.19227E-2
+1.32607E+2	+1.23017E-2
+1.32603E+2	+1.23384E-2
+1.32829E+2	+1.23935E-2
+1.33241E+2	+1.28092E-2
+1.33268E+2	+1.29865E-2
+1.33270E+2	+1.28520E-2
+1.33564E+2	+1.27175E-2
+1.33952E+2	+1.28337E-2
+1.34031E+2	+1.32739E-2
+1.34033E+2	+1.37264E-2
+1.34312E+2	+1.29682E-2
+1.34791E+2	+1.20633E-2
+1.34822E+2	+1.18554E-2
+1.34819E+2	+1.14519E-2
+1.34974E+2	+1.11462E-2
+1.35333E+2	+1.05653E-2
+1.35457E+2	+1.04186E-2
+1.35454E+2	+1.07487E-2
+1.35461E+2	+1.11401E-2
+1.35716E+2	+9.51979E-3
+1.36162E+2	+8.19913E-3
+1.36311E+2	+8.43147E-3
+1.36311E+2	+8.68215E-3
+1.36311E+2	+8.59043E-3
+1.36527E+2	+7.63051E-3
+1.36920E+2	+6.95183E-3
+1.37257E+2	+6.45047E-3
+1.37349E+2	+6.24259E-3
+1.37349E+2	+6.37098E-3
+1.37347E+2	+5.97968E-3
+1.37356E+2	+5.44774E-3
+1.37437E+2	+5.36826E-3
+1.37615E+2	+5.49054E-3
+1.37645E+2	+5.25820E-3
+1.37733E+2	+5.58837E-3
+1.37739E+2	+5.09923E-3
+1.37741E+2	+4.67124E-3
+1.37741E+2	+4.70181E-3
+1.37750E+2	+5.01975E-3
+1.38075E+2	+4.57953E-3
+1.38323E+2	+5.41717E-3
+1.38316E+2	+4.83632E-3
+1.38324E+2	+4.77518E-3
+1.38666E+2	+4.55507E-3
+1.38693E+2	+5.61283E-3
+1.38713E+2	+5.47220E-3
+1.39092E+2	+5.88185E-3
+1.39239E+2	+7.01909E-3
+1.39239E+2	+5.91853E-3
+1.39634E+2	+6.25481E-3
+1.39841E+2	+7.07412E-3
+1.39844E+2	+6.64612E-3
+1.40005E+2	+6.87846E-3
+1.40376E+2	+7.89953E-3
+1.40400E+2	+7.99124E-3
+1.40510E+2	+8.33975E-3
+1.40929E+2	+8.02182E-3
+1.40995E+2	+9.36694E-3
+1.41061E+2	+8.60878E-3
+1.41583E+2	+9.44642E-3
+1.41655E+2	+9.47088E-3
+1.41659E+2	+9.08568E-3
+1.42101E+2	+1.01190E-2
+1.42257E+2	+1.02107E-2
+1.42255E+2	+9.53813E-3
+1.42681E+2	+9.66653E-3
+1.42859E+2	+1.05898E-2
+1.42890E+2	+1.13540E-2
+1.43313E+2	+1.07365E-2
+1.43340E+2	+1.04063E-2
+1.43469E+2	+1.04247E-2
+1.43912E+2	+9.36694E-3
+1.43935E+2	+9.61150E-3
+1.44007E+2	+9.31802E-3
+1.44430E+2	+8.27861E-3
+1.44464E+2	+8.40090E-3
+1.44498E+2	+7.75279E-3
+1.44972E+2	+7.33703E-3
+1.45040E+2	+6.52995E-3
+1.45046E+2	+7.47765E-3
+1.45408E+2	+6.97017E-3
+1.45442E+2	+6.05916E-3
+1.45504E+2	+6.39544E-3
+1.45809E+2	+6.12030E-3
+1.45862E+2	+5.86962E-3
+1.45900E+2	+6.05916E-3
+1.46310E+2	+5.08089E-3
+1.46348E+2	+5.39883E-3
+1.46385E+2	+4.46336E-3
+1.46851E+2	+5.25820E-3
+1.46924E+2	+4.68958E-3
+1.46940E+2	+4.47559E-3
+1.47356E+2	+4.27382E-3
+1.47379E+2	+5.12369E-3
+1.47537E+2	+4.28605E-3
+1.47949E+2	+4.76295E-3
+1.47947E+2	+4.67124E-3
+1.48144E+2	+4.89135E-3
+1.48464E+2	+4.64678E-3
+1.48469E+2	+5.07478E-3
+1.48560E+2	+4.48170E-3
+1.48983E+2	+4.77518E-3
+1.49061E+2	+4.13931E-3
+1.49063E+2	+4.57953E-3
+1.49370E+2	+5.01363E-3
+1.49595E+2	+5.71065E-3
+1.49592E+2	+4.91581E-3
+1.49947E+2	+4.90358E-3
+1.50190E+2	+5.44774E-3
+1.50181E+2	+5.10535E-3
+1.50455E+2	+6.14476E-3
+1.50783E+2	+5.16038E-3
+1.50780E+2	+4.87301E-3
+1.50978E+2	+5.49666E-3
+1.51401E+2	+5.70454E-3
+1.51444E+2	+5.38660E-3
+1.51497E+2	+6.04693E-3
+1.51990E+2	+5.56391E-3
+1.52064E+2	+5.90631E-3
+1.52069E+2	+5.28877E-3
+1.52490E+2	+5.83294E-3
+1.52688E+2	+5.37437E-3
+1.52688E+2	+5.79625E-3
+1.52693E+2	+5.41106E-3
+1.52902E+2	+6.15087E-3
+1.53235E+2	+5.43551E-3
+1.53277E+2	+5.87574E-3
+1.53282E+2	+5.59448E-3
+1.53580E+2	+5.39883E-3
+1.53869E+2	+6.02859E-3
+1.53882E+2	+5.36214E-3
+1.53884E+2	+5.31934E-3
+1.54299E+2	+4.29827E-3
+1.54504E+2	+5.52111E-3
+1.54537E+2	+5.32546E-3
+1.54867E+2	+6.04693E-3
+1.55056E+2	+5.25820E-3
+1.55061E+2	+4.83632E-3
+1.55449E+2	+4.91581E-3
+1.55651E+2	+5.81459E-3
+1.55645E+2	+4.54896E-3
+1.55802E+2	+5.34992E-3
+1.56089E+2	+4.71404E-3
+1.56117E+2	+4.50616E-3
+1.56119E+2	+4.95249E-3
+1.56313E+2	+4.72627E-3
+1.56629E+2	+4.62844E-3
+1.56640E+2	+4.87301E-3
+1.56660E+2	+4.12708E-3
+1.56986E+2	+4.38387E-3
+1.57048E+2	+4.23102E-3
+1.57051E+2	+4.38387E-3
+1.57389E+2	+5.68620E-3
+1.57519E+2	+4.34107E-3
+1.57520E+2	+5.00752E-3
+1.57722E+2	+4.79352E-3
+1.58089E+2	+5.41106E-3
+1.58086E+2	+3.96199E-3
+1.58276E+2	+4.24325E-3
+1.58610E+2	+4.11485E-3
+1.58620E+2	+5.07478E-3
+1.58771E+2	+4.64067E-3
+1.59187E+2	+4.51227E-3
+1.59207E+2	+4.11485E-3
+1.59332E+2	+4.76907E-3
+1.59786E+2	+3.78468E-3
+1.59819E+2	+4.47559E-3
+1.59917E+2	+5.03809E-3
+1.60328E+2	+4.78741E-3
+1.60342E+2	+3.41172E-3
+1.60391E+2	+4.24936E-3
+1.60795E+2	+4.67124E-3
+1.60863E+2	+4.22490E-3
+1.60867E+2	+4.25548E-3
+1.61299E+2	+4.02925E-3
+1.61530E+2	+3.77857E-3
+1.61536E+2	+4.86078E-3
+1.61894E+2	+3.98034E-3
+1.62133E+2	+4.13931E-3
+1.62131E+2	+3.74800E-3
+1.62426E+2	+3.98645E-3
+1.62742E+2	+4.48781E-3
+1.62791E+2	+4.87301E-3
+1.62787E+2	+4.44502E-3
+1.62785E+2	+3.34446E-3
+1.62786E+2	+4.67124E-3
+1.62954E+2	+4.76295E-3
+1.63484E+2	+4.98306E-3
+1.63600E+2	+4.54896E-3
+1.63603E+2	+4.78741E-3
+1.64044E+2	+4.97695E-3
+1.64412E+2	+5.20317E-3
+1.64417E+2	+4.51227E-3
+1.64606E+2	+5.06866E-3
+1.65190E+2	+4.56118E-3
+1.65245E+2	+4.37776E-3
+1.65245E+2	+4.15153E-3
+1.65697E+2	+4.45724E-3
+1.65880E+2	+4.94638E-3
+1.65874E+2	+3.77857E-3
+1.65886E+2	+4.75684E-3
+1.66435E+2	+4.29827E-3
+1.66690E+2	+4.78130E-3
+1.66685E+2	+4.45724E-3
+1.67189E+2	+3.91308E-3
+1.67444E+2	+3.79080E-3
+1.67446E+2	+4.38999E-3
+1.67499E+2	+4.97084E-3
+1.68018E+2	+4.59787E-3
+1.68113E+2	+4.59787E-3
+1.68121E+2	+4.30439E-3
+1.68746E+2	+4.05371E-3
+1.68887E+2	+4.90969E-3
+1.68886E+2	+5.14815E-3
+1.69114E+2	+4.34107E-3
+1.69660E+2	+4.85467E-3
+1.69654E+2	+4.31050E-3
+1.69666E+2	+4.90969E-3
+1.70274E+2	+4.32273E-3
+1.70409E+2	+4.65901E-3
+1.70414E+2	+5.11758E-3
+1.70476E+2	+4.59176E-3
+1.70851E+2	+4.58564E-3
+1.71153E+2	+3.88251E-3
+1.71151E+2	+3.99257E-3
+1.71305E+2	+3.82137E-3
+1.71840E+2	+3.76634E-3
+1.71948E+2	+4.19433E-3
+1.71950E+2	+4.24325E-3
+1.71948E+2	+5.15426E-3
+1.72471E+2	+4.73850E-3
+1.72687E+2	+5.03198E-3
+1.72685E+2	+5.36214E-3
+1.72858E+2	+3.48509E-3
+1.73467E+2	+3.99257E-3
+1.73507E+2	+4.83021E-3
+1.73506E+2	+4.61621E-3
+1.73520E+2	+4.26770E-3
+1.74048E+2	+4.24325E-3
+1.74166E+2	+5.37437E-3
+1.74169E+2	+5.20929E-3
+1.74166E+2	+4.88524E-3
+1.74476E+2	+4.40222E-3
+1.74728E+2	+4.26159E-3
+1.74732E+2	+3.76634E-3
+1.74733E+2	+3.47286E-3
+1.74732E+2	+4.26159E-3
+1.74734E+2	+4.46947E-3
+1.74735E+2	+3.19772E-3
+1.74739E+2	+4.70181E-3
+1.74737E+2	+4.29827E-3
+1.74742E+2	+3.61960E-3
+1.74746E+2	+4.12708E-3
+1.74747E+2	+4.34107E-3
+1.74747E+2	+3.74188E-3
+1.74751E+2	+3.95588E-3
+1.74754E+2	+4.10873E-3
+1.74761E+2	+4.36553E-3
+1.74766E+2	+3.18549E-3
+1.74775E+2	+4.67124E-3
+1.74776E+2	+4.76295E-3
+1.74777E+2	+4.87912E-3
+1.74779E+2	+5.60060E-3
+1.74774E+2	+7.43485E-3
+1.74778E+2	+1.38976E-2
+1.74771E+2	+2.30566E-2
+1.74777E+2	+3.47041E-2
+1.74779E+2	+4.49637E-2
+1.74775E+2	+5.10902E-2
+1.74773E+2	+5.77974E-2
+1.74775E+2	+6.29089E-2
+1.74777E+2	+6.78186E-2
+1.74777E+2	+7.08084E-2
+1.74774E+2	+7.29912E-2
+1.74779E+2	+7.50578E-2
+1.74773E+2	+7.51678E-2
+1.74779E+2	+7.64335E-2
+1.74774E+2	+7.67759E-2
+1.74781E+2	+7.62011E-2
+1.74775E+2	+7.67636E-2
+1.74781E+2	+7.63968E-2
+1.74781E+2	+7.62072E-2
+1.74783E+2	+7.71488E-2
+1.74781E+2	+7.76991E-2
+1.74774E+2	+7.65130E-2
+1.74780E+2	+7.71916E-2
+1.74778E+2	+7.72650E-2
+1.74778E+2	+7.71488E-2
+1.74773E+2	+7.77052E-2
